/usr/bin/python3.6 /home/flavien/Desktop/Code_base/main.py
the env doens't have the show map method
/home/flavien/.local/lib/python3.6/site-packages/sklearn/neural_network/multilayer_perceptron.py:1306: DataConversionWarning: A column-vector y was passed when a 1d array was expected. Please change the shape of y to (n_samples, ), for example using ravel().
Episode  0 starting.
  y = column_or_1d(y, warn=True)
Episode  0  done. Total reward:  -200.0
way:  [(3, 4), (4, 4), (4, 3), (4, 2), (4, 1), (4, 0), (4, 1), (4, 0), (3, 0), (2, 0), (3, 0), (4, 0), (4, 1), (3, 1), (2, 1), (1, 1), (0, 1), (1, 1), (0, 1), (1, 1), (0, 1), (1, 1), (2, 1), (1, 1), (0, 1), (1, 1), (1, 0), (2, 0), (1, 0), (2, 0), (1, 0), (0, 0), (1, 0), (0, 0), (1, 0), (0, 0), (1, 0), (0, 0), (0, 1), (0, 0), (1, 0), (0, 0), (1, 0), (0, 0), (1, 0), (0, 0), (1, 0), (1, 1), (2, 1), (1, 1), (0, 1), (1, 1), (0, 1), (1, 1), (0, 1), (1, 1), (0, 1), (1, 1), (0, 1), (0, 0), (1, 0), (0, 0), (0, 1), (1, 1), (0, 1), (0, 2), (1, 2), (1, 3), (0, 3), (1, 3), (0, 3), (1, 3), (1, 2), (1, 1), (0, 1), (1, 1), (0, 1), (1, 1), (0, 1), (1, 1), (2, 1), (3, 1), (2, 1), (2, 2), (1, 2), (0, 2), (0, 3), (0, 4), (1, 4), (0, 4), (1, 4), (1, 5), (0, 5), (0, 4), (1, 4), (0, 4), (0, 3), (0, 4), (1, 4), (0, 4), (1, 4), (1, 5), (0, 5), (1, 5), (1, 4), (1, 3), (0, 3), (1, 3), (0, 3), (1, 3), (0, 3), (0, 2), (1, 2), (0, 2), (0, 1), (0, 0), (1, 0), (1, 1), (0, 1), (0, 2), (1, 2), (2, 2), (1, 2), (0, 2), (1, 2), (0, 2), (1, 2), (0, 2), (1, 2), (0, 2), (0, 3), (1, 3), (1, 2), (1, 1), (0, 1), (1, 1), (0, 1), (0, 2), (1, 2), (1, 1), (0, 1), (1, 1), (0, 1), (0, 0), (0, 1), (1, 1), (0, 1), (1, 1), (2, 1), (1, 1), (0, 1), (0, 0), (1, 0), (1, 1), (1, 0), (0, 0), (0, 1), (1, 1), (1, 2), (0, 2), (0, 1), (1, 1), (1, 0), (0, 0), (1, 0), (2, 0), (1, 0), (0, 0), (0, 1), (0, 2), (1, 2), (0, 2), (0, 1), (1, 1), (1, 2), (0, 2), (0, 1), (1, 1), (1, 2), (0, 2), (0, 3), (1, 3), (0, 3), (0, 2), (1, 2), (0, 2), (1, 2), (1, 3), (0, 3), (0, 2), (0, 1), (0, 0), (0, 1), (1, 1), (0, 1), (1, 1), (1, 0), (2, 0), (1, 0), (0, 0)]
_______________________________
Episode  1 starting.
Episode  1  done. Total reward:  -200.0
way:  [(2, 5), (1, 5), (1, 6), (1, 5), (0, 5), (1, 5), (0, 5), (1, 5), (0, 5), (1, 5), (0, 5), (1, 5), (0, 5), (1, 5), (0, 5), (1, 5), (0, 5), (1, 5), (0, 5), (1, 5), (1, 6), (1, 5), (0, 5), (0, 4), (1, 4), (0, 4), (1, 4), (0, 4), (1, 4), (2, 4), (1, 4), (0, 4), (0, 3), (0, 2), (1, 2), (0, 2), (1, 2), (0, 2), (1, 2), (2, 2), (1, 2), (0, 2), (0, 1), (1, 1), (2, 1), (1, 1), (2, 1), (2, 2), (2, 3), (1, 3), (0, 3), (1, 3), (0, 3), (0, 4), (0, 3), (1, 3), (0, 3), (1, 3), (0, 3), (0, 4), (0, 3), (0, 4), (0, 5), (0, 6), (0, 5), (0, 6), (1, 6), (0, 6), (0, 5), (0, 6), (1, 6), (0, 6), (1, 6), (0, 6), (0, 7), (1, 7), (0, 7), (1, 7), (0, 7), (1, 7), (0, 7), (1, 7), (0, 7), (1, 7), (0, 7), (1, 7), (0, 7), (1, 7), (0, 7), (0, 8), (1, 8), (1, 9), (2, 9), (1, 9), (0, 9), (1, 9), (0, 9), (0, 8), (1, 8), (1, 7), (0, 7), (0, 8), (1, 8), (0, 8), (1, 8), (1, 7), (0, 7), (0, 8), (1, 8), (2, 8), (2, 7), (2, 6), (1, 6), (0, 6), (0, 7), (0, 8), (0, 7), (0, 6), (1, 6), (0, 6), (0, 7), (0, 8), (0, 7), (0, 8), (0, 7), (1, 7), (0, 7), (1, 7), (0, 7), (1, 7), (0, 7), (1, 7), (1, 6), (1, 5), (0, 5), (1, 5), (2, 5), (1, 5), (0, 5), (1, 5), (0, 5), (1, 5), (0, 5), (0, 6), (1, 6), (1, 5), (1, 6), (1, 7), (1, 8), (0, 8), (1, 8), (1, 7), (0, 7), (0, 6), (1, 6), (0, 6), (1, 6), (1, 5), (0, 5), (1, 5), (0, 5), (0, 6), (0, 7), (1, 7), (0, 7), (1, 7), (1, 6), (0, 6), (1, 6), (0, 6), (1, 6), (0, 6), (1, 6), (0, 6), (1, 6), (0, 6), (1, 6), (1, 5), (0, 5), (0, 4), (1, 4), (0, 4), (1, 4), (2, 4), (1, 4), (0, 4), (0, 3), (1, 3), (0, 3), (1, 3), (0, 3), (0, 4), (1, 4), (2, 4), (1, 4), (0, 4), (1, 4), (0, 4), (0, 5), (1, 5)]
_______________________________
Episode  2 starting.
Episode  2  done. Total reward:  -200.0
way:  [(2, 0), (3, 0), (2, 0), (1, 0), (2, 0), (1, 0), (0, 0), (1, 0), (1, 1), (0, 1), (0, 2), (0, 1), (1, 1), (0, 1), (1, 1), (0, 1), (1, 1), (0, 1), (0, 2), (0, 1), (1, 1), (0, 1), (0, 0), (1, 0), (2, 0), (1, 0), (2, 0), (1, 0), (2, 0), (1, 0), (0, 0), (1, 0), (2, 0), (1, 0), (0, 0), (1, 0), (0, 0), (1, 0), (0, 0), (1, 0), (1, 1), (0, 1), (0, 0), (1, 0), (1, 1), (0, 1), (0, 2), (0, 3), (1, 3), (0, 3), (1, 3), (0, 3), (1, 3), (0, 3), (0, 2), (1, 2), (2, 2), (2, 1), (1, 1), (0, 1), (0, 0), (1, 0), (2, 0), (1, 0), (0, 0), (1, 0), (0, 0), (0, 1), (1, 1), (0, 1), (0, 2), (1, 2), (0, 2), (1, 2), (2, 2), (2, 1), (1, 1), (0, 1), (0, 2), (1, 2), (2, 2), (1, 2), (0, 2), (1, 2), (1, 3), (0, 3), (0, 4), (1, 4), (0, 4), (1, 4), (1, 5), (1, 4), (1, 3), (1, 4), (0, 4), (1, 4), (0, 4), (1, 4), (1, 5), (2, 5), (2, 6), (2, 7), (3, 7), (4, 7), (5, 7), (4, 7), (4, 8), (5, 8), (4, 8), (3, 8), (4, 8), (3, 8), (2, 8), (1, 8), (0, 8), (0, 9), (1, 9), (2, 9), (1, 9), (0, 9), (0, 8), (0, 7), (0, 6), (1, 6), (1, 7), (0, 7), (0, 6), (0, 5), (0, 4), (1, 4), (1, 3), (0, 3), (0, 2), (0, 1), (1, 1), (0, 1), (1, 1), (2, 1), (3, 1), (3, 0), (3, 1), (2, 1), (1, 1), (0, 1), (1, 1), (1, 2), (1, 1), (0, 1), (0, 2), (1, 2), (0, 2), (1, 2), (0, 2), (0, 3), (1, 3), (1, 2), (0, 2), (1, 2), (0, 2), (1, 2), (0, 2), (0, 3), (0, 4), (0, 5), (1, 5), (1, 4), (0, 4), (1, 4), (1, 3), (1, 4), (2, 4), (1, 4), (0, 4), (1, 4), (0, 4), (1, 4), (1, 3), (0, 3), (1, 3), (0, 3), (1, 3), (0, 3), (0, 4), (1, 4), (2, 4), (2, 3), (1, 3), (1, 2), (1, 3), (0, 3), (0, 4), (1, 4), (2, 4), (1, 4), (0, 4), (0, 5), (1, 5), (0, 5), (1, 5), (0, 5)]
_______________________________
Episode  3 starting.
Episode  3  done. Total reward:  -200.0
way:  [(2, 8), (1, 8), (0, 8), (0, 7), (1, 7), (0, 7), (1, 7), (0, 7), (1, 7), (1, 6), (2, 6), (1, 6), (1, 7), (2, 7), (3, 7), (2, 7), (1, 7), (0, 7), (1, 7), (0, 7), (1, 7), (1, 6), (0, 6), (1, 6), (0, 6), (1, 6), (0, 6), (1, 6), (1, 5), (0, 5), (1, 5), (0, 5), (1, 5), (1, 4), (1, 3), (1, 2), (0, 2), (1, 2), (0, 2), (1, 2), (1, 3), (0, 3), (1, 3), (1, 2), (0, 2), (1, 2), (0, 2), (0, 1), (0, 0), (1, 0), (2, 0), (3, 0), (2, 0), (2, 1), (1, 1), (0, 1), (0, 0), (1, 0), (2, 0), (1, 0), (0, 0), (1, 0), (0, 0), (1, 0), (1, 1), (0, 1), (1, 1), (0, 1), (0, 0), (1, 0), (0, 0), (1, 0), (1, 1), (0, 1), (1, 1), (1, 0), (1, 1), (2, 1), (2, 0), (2, 1), (2, 0), (2, 1), (2, 0), (2, 1), (2, 0), (3, 0), (3, 1), (4, 1), (3, 1), (3, 0), (4, 0), (4, 1), (3, 1), (3, 0), (2, 0), (2, 1), (2, 0), (2, 1), (1, 1), (1, 0), (1, 1), (1, 0), (2, 0), (2, 1), (2, 2), (2, 1), (2, 0), (2, 1), (2, 0), (3, 0), (3, 1), (3, 2), (3, 1), (3, 0), (4, 0), (4, 1), (4, 0), (4, 1), (4, 0), (4, 1), (4, 0), (3, 0), (3, 1), (3, 0), (3, 1), (3, 0), (4, 0), (4, 1), (4, 0), (4, 1), (4, 0), (3, 0), (3, 1), (4, 1), (4, 0), (4, 1), (4, 0), (4, 1), (5, 1), (5, 0), (5, 1), (5, 0), (5, 1), (5, 0), (6, 0), (5, 0), (5, 1), (5, 0), (6, 0), (6, 1), (5, 1), (5, 0), (5, 1), (6, 1), (6, 0), (6, 1), (7, 1), (7, 0), (6, 0), (6, 1), (6, 0), (6, 1), (5, 1), (5, 0), (4, 0), (5, 0), (5, 1), (5, 0), (6, 0), (6, 1), (6, 0), (5, 0), (5, 1), (5, 0), (5, 1), (5, 0), (5, 1), (4, 1), (3, 1), (4, 1), (4, 0), (4, 1), (4, 2), (4, 1), (4, 0), (3, 0), (3, 1), (2, 1), (2, 2), (2, 3), (2, 2), (2, 1), (2, 0), (3, 0), (3, 1), (3, 0), (3, 1), (2, 1), (2, 0), (2, 1)]
_______________________________
Episode  4 starting.
Episode  4  done. Total reward:  -200.0
way:  [(7, 4), (6, 4), (6, 3), (5, 3), (4, 3), (3, 3), (2, 3), (2, 4), (1, 4), (0, 4), (0, 3), (1, 3), (2, 3), (2, 4), (1, 4), (0, 4), (1, 4), (0, 4), (1, 4), (1, 3), (0, 3), (1, 3), (0, 3), (1, 3), (0, 3), (0, 4), (1, 4), (0, 4), (1, 4), (0, 4), (0, 3), (0, 4), (0, 3), (1, 3), (0, 3), (1, 3), (1, 2), (0, 2), (1, 2), (2, 2), (1, 2), (0, 2), (1, 2), (1, 3), (0, 3), (0, 4), (1, 4), (1, 5), (2, 5), (1, 5), (0, 5), (1, 5), (0, 5), (1, 5), (0, 5), (1, 5), (0, 5), (0, 6), (1, 6), (0, 6), (1, 6), (0, 6), (1, 6), (0, 6), (1, 6), (0, 6), (1, 6), (0, 6), (0, 5), (1, 5), (0, 5), (0, 4), (1, 4), (1, 5), (0, 5), (0, 6), (1, 6), (2, 6), (3, 6), (2, 6), (1, 6), (1, 5), (0, 5), (1, 5), (1, 4), (0, 4), (1, 4), (0, 4), (1, 4), (0, 4), (1, 4), (0, 4), (1, 4), (0, 4), (1, 4), (0, 4), (0, 5), (1, 5), (0, 5), (1, 5), (1, 6), (0, 6), (1, 6), (0, 6), (0, 7), (1, 7), (0, 7), (0, 8), (1, 8), (0, 8), (0, 9), (1, 9), (1, 8), (0, 8), (1, 8), (0, 8), (1, 8), (0, 8), (0, 9), (1, 9), (0, 9), (1, 9), (0, 9), (1, 9), (2, 9), (1, 9), (2, 9), (1, 9), (0, 9), (1, 9), (2, 9), (3, 9), (4, 9), (3, 9), (4, 9), (3, 9), (2, 9), (1, 9), (0, 9), (0, 8), (0, 7), (1, 7), (0, 7), (1, 7), (0, 7), (1, 7), (0, 7), (1, 7), (0, 7), (1, 7), (0, 7), (1, 7), (0, 7), (1, 7), (0, 7), (1, 7), (0, 7), (0, 6), (1, 6), (0, 6), (1, 6), (0, 6), (1, 6), (0, 6), (1, 6), (0, 6), (1, 6), (1, 7), (1, 8), (1, 9), (0, 9), (1, 9), (0, 9), (1, 9), (0, 9), (1, 9), (2, 9), (1, 9), (2, 9), (2, 8), (1, 8), (0, 8), (0, 7), (0, 8), (1, 8), (1, 7), (0, 7), (1, 7), (0, 7), (1, 7), (2, 7), (1, 7), (1, 6), (0, 6), (1, 6), (0, 6), (1, 6), (0, 6), (1, 6), (0, 6)]
_______________________________
Episode  5 starting.
Episode  5  done. Total reward:  -200.0
way:  [(3, 3), (4, 3), (3, 3), (2, 3), (1, 3), (0, 3), (1, 3), (1, 4), (0, 4), (1, 4), (2, 4), (2, 3), (2, 4), (2, 5), (2, 6), (1, 6), (1, 7), (2, 7), (1, 7), (1, 6), (1, 5), (0, 5), (1, 5), (0, 5), (1, 5), (1, 4), (2, 4), (1, 4), (0, 4), (0, 5), (1, 5), (0, 5), (1, 5), (0, 5), (1, 5), (0, 5), (0, 6), (1, 6), (0, 6), (0, 7), (1, 7), (0, 7), (0, 8), (0, 7), (0, 6), (1, 6), (0, 6), (1, 6), (0, 6), (0, 7), (1, 7), (1, 8), (1, 9), (0, 9), (1, 9), (0, 9), (1, 9), (0, 9), (1, 9), (1, 8), (1, 7), (2, 7), (2, 6), (1, 6), (0, 6), (1, 6), (1, 7), (0, 7), (0, 8), (1, 8), (0, 8), (0, 9), (1, 9), (1, 8), (2, 8), (1, 8), (0, 8), (1, 8), (2, 8), (1, 8), (0, 8), (1, 8), (0, 8), (0, 7), (0, 8), (1, 8), (0, 8), (0, 7), (0, 8), (1, 8), (0, 8), (1, 8), (1, 9), (0, 9), (1, 9), (0, 9), (1, 9), (0, 9), (0, 8), (1, 8), (1, 7), (1, 6), (0, 6), (1, 6), (0, 6), (1, 6), (2, 6), (3, 6), (2, 6), (2, 7), (1, 7), (0, 7), (0, 6), (0, 7), (0, 6), (1, 6), (2, 6), (2, 7), (2, 6), (1, 6), (0, 6), (1, 6), (1, 5), (1, 4), (2, 4), (2, 3), (2, 2), (3, 2), (3, 3), (3, 2), (3, 3), (3, 2), (3, 3), (3, 4), (3, 3), (3, 2), (4, 2), (4, 3), (4, 4), (4, 3), (4, 2), (4, 1), (4, 0), (4, 1), (4, 0), (3, 0), (3, 1), (3, 2), (3, 1), (3, 2), (4, 2), (4, 1), (4, 2), (4, 3), (4, 4), (4, 3), (4, 2), (3, 2), (3, 1), (3, 0), (4, 0), (4, 1), (3, 1), (3, 0), (3, 1), (3, 0), (2, 0), (2, 1), (2, 0), (1, 0), (2, 0), (2, 1), (1, 1), (1, 0), (1, 1), (2, 1), (2, 0), (2, 1), (2, 0), (2, 1), (3, 1), (3, 2), (3, 1), (3, 0), (3, 1), (3, 0), (3, 1), (3, 2), (3, 1), (2, 1), (2, 0), (2, 1), (3, 1), (3, 0), (2, 0), (2, 1), (2, 0), (2, 1), (2, 0), (1, 0)]
_______________________________
Episode  6 starting.
Episode  6  done. Total reward:  -200.0
way:  [(1, 7), (2, 7), (3, 7), (3, 6), (3, 5), (3, 4), (3, 3), (3, 2), (4, 2), (4, 1), (4, 0), (3, 0), (3, 1), (2, 1), (3, 1), (2, 1), (2, 0), (3, 0), (2, 0), (1, 0), (2, 0), (2, 1), (1, 1), (0, 1), (1, 1), (0, 1), (1, 1), (1, 0), (0, 0), (1, 0), (0, 0), (1, 0), (1, 1), (0, 1), (1, 1), (0, 1), (0, 2), (0, 3), (1, 3), (1, 4), (2, 4), (1, 4), (0, 4), (1, 4), (0, 4), (0, 5), (1, 5), (0, 5), (1, 5), (0, 5), (1, 5), (0, 5), (1, 5), (1, 4), (1, 5), (0, 5), (0, 6), (1, 6), (0, 6), (1, 6), (1, 7), (0, 7), (1, 7), (0, 7), (1, 7), (0, 7), (1, 7), (0, 7), (0, 8), (1, 8), (0, 8), (0, 7), (0, 6), (1, 6), (0, 6), (1, 6), (0, 6), (0, 5), (0, 4), (0, 5), (1, 5), (0, 5), (0, 4), (1, 4), (2, 4), (1, 4), (0, 4), (0, 3), (1, 3), (0, 3), (1, 3), (0, 3), (0, 4), (1, 4), (0, 4), (0, 5), (1, 5), (0, 5), (0, 4), (1, 4), (0, 4), (1, 4), (2, 4), (1, 4), (0, 4), (1, 4), (0, 4), (0, 5), (1, 5), (1, 4), (0, 4), (1, 4), (0, 4), (1, 4), (2, 4), (1, 4), (1, 3), (0, 3), (1, 3), (0, 3), (0, 4), (0, 3), (1, 3), (0, 3), (0, 4), (1, 4), (0, 4), (1, 4), (0, 4), (1, 4), (0, 4), (0, 3), (1, 3), (2, 3), (2, 4), (1, 4), (2, 4), (2, 3), (2, 2), (2, 1), (2, 0), (2, 1), (2, 0), (2, 1), (2, 0), (3, 0), (3, 1), (4, 1), (4, 0), (4, 1), (4, 0), (4, 1), (4, 0), (5, 0), (5, 1), (5, 0), (5, 1), (5, 0), (6, 0), (7, 0), (7, 1), (7, 0), (7, 1), (7, 0), (7, 1), (8, 1), (8, 0), (8, 1), (8, 0), (9, 0), (9, 1), (9, 0), (9, 1), (9, 0), (8, 0), (8, 1), (8, 0), (8, 1), (8, 2), (7, 2), (8, 2), (8, 1), (7, 1), (8, 1), (7, 1), (6, 1), (6, 2), (6, 1), (6, 0), (7, 0), (7, 1), (7, 0), (7, 1), (7, 0), (8, 0), (8, 1), (8, 0), (8, 1), (8, 2), (8, 3)]
_______________________________
Episode  7 starting.
Episode  7  done. Total reward:  -200.0
way:  [(8, 7), (7, 7), (6, 7), (5, 7), (6, 7), (5, 7), (4, 7), (4, 8), (3, 8), (2, 8), (1, 8), (0, 8), (1, 8), (0, 8), (0, 9), (0, 8), (1, 8), (1, 7), (1, 6), (2, 6), (1, 6), (1, 5), (2, 5), (1, 5), (0, 5), (0, 4), (0, 3), (0, 4), (1, 4), (0, 4), (1, 4), (0, 4), (1, 4), (1, 3), (0, 3), (0, 4), (1, 4), (0, 4), (1, 4), (1, 5), (0, 5), (1, 5), (0, 5), (1, 5), (0, 5), (1, 5), (0, 5), (1, 5), (1, 4), (1, 3), (1, 4), (0, 4), (1, 4), (0, 4), (1, 4), (0, 4), (1, 4), (0, 4), (0, 5), (1, 5), (0, 5), (1, 5), (1, 4), (0, 4), (1, 4), (2, 4), (1, 4), (0, 4), (0, 3), (0, 4), (1, 4), (0, 4), (1, 4), (0, 4), (0, 5), (0, 6), (1, 6), (1, 5), (0, 5), (0, 4), (1, 4), (0, 4), (1, 4), (0, 4), (1, 4), (0, 4), (1, 4), (0, 4), (0, 5), (0, 4), (1, 4), (2, 4), (1, 4), (0, 4), (1, 4), (0, 4), (1, 4), (1, 5), (2, 5), (1, 5), (0, 5), (0, 6), (0, 7), (1, 7), (0, 7), (1, 7), (0, 7), (1, 7), (0, 7), (0, 6), (0, 5), (0, 4), (1, 4), (0, 4), (1, 4), (0, 4), (1, 4), (2, 4), (1, 4), (0, 4), (0, 5), (1, 5), (1, 4), (1, 5), (0, 5), (1, 5), (0, 5), (1, 5), (0, 5), (0, 4), (1, 4), (0, 4), (0, 3), (0, 2), (1, 2), (0, 2), (0, 1), (1, 1), (1, 2), (1, 1), (0, 1), (1, 1), (0, 1), (1, 1), (0, 1), (1, 1), (1, 2), (1, 1), (0, 1), (0, 2), (1, 2), (0, 2), (1, 2), (1, 1), (0, 1), (0, 0), (1, 0), (1, 1), (1, 0), (1, 1), (0, 1), (0, 2), (1, 2), (1, 1), (1, 0), (1, 1), (1, 0), (1, 1), (1, 0), (0, 0), (0, 1), (1, 1), (1, 0), (1, 1), (1, 0), (1, 1), (1, 0), (1, 1), (1, 0), (1, 1), (2, 1), (2, 0), (2, 1), (2, 0), (3, 0), (2, 0), (3, 0), (3, 1), (3, 2), (4, 2), (4, 1), (4, 0), (5, 0), (5, 1), (5, 0), (4, 0), (4, 1), (4, 0), (5, 0), (6, 0)]
_______________________________
Episode  8 starting.
Episode  8  done. Total reward:  -200.0
way:  [(0, 6), (1, 6), (0, 6), (0, 5), (1, 5), (2, 5), (3, 5), (2, 5), (1, 5), (1, 4), (1, 3), (2, 3), (3, 3), (2, 3), (1, 3), (0, 3), (1, 3), (0, 3), (1, 3), (0, 3), (0, 2), (1, 2), (0, 2), (1, 2), (0, 2), (1, 2), (0, 2), (1, 2), (0, 2), (0, 3), (0, 2), (1, 2), (1, 3), (1, 2), (2, 2), (1, 2), (0, 2), (1, 2), (0, 2), (0, 3), (1, 3), (0, 3), (1, 3), (1, 2), (1, 1), (0, 1), (0, 0), (1, 0), (0, 0), (1, 0), (0, 0), (1, 0), (0, 0), (1, 0), (1, 1), (1, 2), (0, 2), (1, 2), (1, 1), (0, 1), (1, 1), (0, 1), (1, 1), (0, 1), (1, 1), (0, 1), (1, 1), (2, 1), (2, 0), (1, 0), (0, 0), (0, 1), (0, 2), (1, 2), (0, 2), (0, 3), (0, 2), (1, 2), (0, 2), (1, 2), (0, 2), (1, 2), (0, 2), (0, 3), (1, 3), (0, 3), (1, 3), (1, 4), (0, 4), (1, 4), (1, 3), (2, 3), (1, 3), (1, 4), (1, 5), (1, 4), (1, 3), (1, 2), (0, 2), (1, 2), (0, 2), (0, 1), (1, 1), (1, 2), (1, 1), (1, 2), (0, 2), (1, 2), (2, 2), (3, 2), (2, 2), (1, 2), (0, 2), (1, 2), (1, 3), (2, 3), (2, 2), (1, 2), (1, 3), (1, 2), (1, 1), (1, 0), (1, 1), (1, 2), (1, 1), (2, 1), (2, 0), (1, 0), (2, 0), (2, 1), (2, 0), (3, 0), (3, 1), (2, 1), (2, 0), (2, 1), (2, 0), (1, 0), (1, 1), (1, 0), (1, 1), (1, 0), (1, 1), (2, 1), (2, 2), (2, 1), (2, 0), (2, 1), (2, 0), (3, 0), (2, 0), (2, 1), (2, 0), (2, 1), (2, 0), (1, 0), (1, 1), (1, 0), (1, 1), (1, 0), (1, 1), (1, 0), (1, 1), (1, 0), (1, 1), (1, 0), (1, 1), (1, 0), (2, 0), (2, 1), (1, 1), (1, 0), (1, 1), (1, 0), (2, 0), (3, 0), (3, 1), (2, 1), (1, 1), (1, 2), (1, 1), (2, 1), (2, 0), (2, 1), (2, 0), (2, 1), (2, 0), (2, 1), (2, 2), (2, 1), (1, 1), (1, 0), (1, 1), (2, 1), (2, 0), (2, 1), (2, 0), (2, 1), (1, 1), (1, 0)]
_______________________________
Episode  9 starting.
Episode  9  done. Total reward:  -200.0
way:  [(2, 0), (2, 1), (1, 1), (2, 1), (1, 1), (0, 1), (1, 1), (2, 1), (1, 1), (0, 1), (1, 1), (1, 2), (2, 2), (2, 1), (1, 1), (0, 1), (1, 1), (1, 0), (0, 0), (1, 0), (0, 0), (1, 0), (1, 1), (0, 1), (1, 1), (1, 0), (2, 0), (3, 0), (3, 1), (2, 1), (2, 0), (1, 0), (0, 0), (1, 0), (0, 0), (1, 0), (0, 0), (1, 0), (0, 0), (1, 0), (1, 1), (0, 1), (1, 1), (1, 0), (0, 0), (0, 1), (1, 1), (0, 1), (1, 1), (0, 1), (1, 1), (1, 2), (0, 2), (1, 2), (1, 3), (1, 4), (2, 4), (2, 3), (2, 4), (1, 4), (0, 4), (0, 3), (1, 3), (0, 3), (0, 2), (1, 2), (0, 2), (1, 2), (0, 2), (1, 2), (0, 2), (1, 2), (0, 2), (1, 2), (0, 2), (1, 2), (0, 2), (0, 1), (1, 1), (0, 1), (1, 1), (0, 1), (1, 1), (2, 1), (1, 1), (1, 0), (0, 0), (1, 0), (0, 0), (1, 0), (2, 0), (1, 0), (0, 0), (0, 1), (1, 1), (0, 1), (1, 1), (0, 1), (1, 1), (2, 1), (1, 1), (0, 1), (1, 1), (0, 1), (0, 2), (1, 2), (0, 2), (0, 3), (1, 3), (0, 3), (1, 3), (0, 3), (0, 4), (1, 4), (1, 5), (0, 5), (0, 6), (1, 6), (0, 6), (1, 6), (0, 6), (0, 7), (0, 8), (1, 8), (0, 8), (1, 8), (0, 8), (1, 8), (0, 8), (1, 8), (0, 8), (1, 8), (0, 8), (0, 7), (1, 7), (0, 7), (1, 7), (2, 7), (1, 7), (0, 7), (1, 7), (0, 7), (1, 7), (0, 7), (1, 7), (0, 7), (0, 6), (0, 5), (1, 5), (1, 4), (2, 4), (1, 4), (0, 4), (1, 4), (0, 4), (1, 4), (0, 4), (0, 5), (0, 6), (1, 6), (1, 5), (0, 5), (1, 5), (0, 5), (1, 5), (2, 5), (1, 5), (0, 5), (1, 5), (0, 5), (0, 6), (1, 6), (1, 7), (1, 6), (0, 6), (1, 6), (2, 6), (2, 5), (1, 5), (1, 6), (0, 6), (1, 6), (2, 6), (1, 6), (0, 6), (1, 6), (0, 6), (1, 6), (2, 6), (1, 6), (1, 5), (0, 5), (1, 5), (0, 5), (1, 5), (1, 4), (0, 4), (1, 4), (1, 3), (0, 3)]
_______________________________
Episode  10 starting.
Episode  10  done. Total reward:  1843.0
way:  [(2, 9), (1, 9), (0, 9), (1, 9), (0, 9), (1, 9), (2, 9), (1, 9), (0, 9), (1, 9), (0, 9), (1, 9), (0, 9), (1, 9), (2, 9), (1, 9), (1, 8), (0, 8), (1, 8), (1, 9), (0, 9), (1, 9), (0, 9), (1, 9), (2, 9), (1, 9), (0, 9), (1, 9), (0, 9), (1, 9), (0, 9), (1, 9), (0, 9), (1, 9), (0, 9), (1, 9), (1, 8), (1, 7), (0, 7), (1, 7), (0, 7), (0, 8), (0, 9), (0, 8), (1, 8), (0, 8), (1, 8), (1, 9), (1, 8), (1, 7), (2, 7), (3, 7), (2, 7), (1, 7), (0, 7), (1, 7), (1, 6), (0, 6), (1, 6), (0, 6), (0, 7), (0, 8), (1, 8), (0, 8), (0, 7), (0, 6), (0, 7), (1, 7), (0, 7), (0, 6), (0, 5), (0, 6), (0, 7), (0, 8), (1, 8), (0, 8), (1, 8), (0, 8), (0, 7), (1, 7), (0, 7), (1, 7), (1, 8), (0, 8), (1, 8), (1, 7), (0, 7), (1, 7), (0, 7), (1, 7), (1, 8), (0, 8), (1, 8), (0, 8), (0, 9), (1, 9), (0, 9), (1, 9), (0, 9), (1, 9), (0, 9), (1, 9), (0, 9), (0, 8), (1, 8), (1, 7), (0, 7), (1, 7), (0, 7), (1, 7), (1, 6), (0, 6), (1, 6), (0, 6), (1, 6), (0, 6), (0, 7), (1, 7), (0, 7), (1, 7), (1, 8), (1, 7), (1, 6), (0, 6), (1, 6), (0, 6), (0, 7), (1, 7), (0, 7), (1, 7), (0, 7), (1, 7), (0, 7), (1, 7), (0, 7), (1, 7), (0, 7), (0, 6), (1, 6), (1, 5), (0, 5), (0, 4), (1, 4), (0, 4), (1, 4), (0, 4), (0, 5), (1, 5), (1, 4), (0, 4), (0, 3), (1, 3), (1, 2), (1, 1), (1, 2), (1, 1), (0, 1), (0, 0)]
_______________________________
Episode  11 starting.
Episode  11  done. Total reward:  -200.0
way:  [(7, 8), (8, 8), (7, 8), (6, 8), (7, 8), (7, 7), (7, 6), (6, 6), (6, 5), (6, 4), (6, 5), (5, 5), (5, 4), (5, 3), (5, 2), (5, 1), (5, 0), (5, 1), (5, 0), (6, 0), (7, 0), (7, 1), (7, 0), (6, 0), (6, 1), (5, 1), (5, 0), (6, 0), (6, 1), (6, 0), (5, 0), (5, 1), (5, 0), (5, 1), (5, 0), (6, 0), (6, 1), (6, 0), (6, 1), (7, 1), (8, 1), (7, 1), (7, 0), (6, 0), (6, 1), (6, 0), (7, 0), (7, 1), (7, 2), (7, 1), (8, 1), (8, 0), (8, 1), (8, 0), (8, 1), (7, 1), (6, 1), (6, 2), (5, 2), (5, 1), (5, 0), (5, 1), (5, 0), (5, 1), (5, 2), (5, 1), (6, 1), (6, 0), (7, 0), (7, 1), (6, 1), (6, 0), (6, 1), (6, 0), (6, 1), (6, 0), (5, 0), (5, 1), (5, 0), (5, 1), (5, 0), (6, 0), (6, 1), (7, 1), (7, 0), (7, 1), (7, 0), (7, 1), (7, 2), (6, 2), (6, 1), (6, 0), (6, 1), (6, 0), (6, 1), (5, 1), (5, 0), (6, 0), (6, 1), (6, 0), (6, 1), (7, 1), (7, 0), (7, 1), (7, 0), (8, 0), (8, 1), (8, 0), (8, 1), (8, 2), (8, 1), (8, 0), (8, 1), (7, 1), (7, 0), (7, 1), (7, 0), (7, 1), (7, 0), (7, 1), (7, 0), (7, 1), (6, 1), (7, 1), (7, 2), (7, 1), (7, 0), (7, 1), (7, 0), (7, 1), (7, 0), (7, 1), (7, 0), (8, 0), (8, 1), (8, 0), (8, 1), (8, 2), (8, 1), (8, 0), (8, 1), (8, 0), (8, 1), (8, 0), (8, 1), (8, 0), (9, 0), (8, 0), (9, 0), (9, 1), (9, 0), (9, 1), (9, 0), (8, 0), (9, 0), (9, 1), (8, 1), (9, 1), (8, 1), (8, 0), (7, 0), (7, 1), (7, 0), (7, 1), (7, 0), (7, 1), (7, 2), (7, 1), (7, 0), (7, 1), (7, 0), (7, 1), (7, 0), (7, 1), (7, 0), (7, 1), (8, 1), (8, 0), (7, 0), (8, 0), (9, 0), (9, 1), (9, 2), (9, 1), (9, 0), (9, 1), (8, 1), (8, 0), (8, 1), (8, 0), (9, 0), (9, 1), (9, 0), (9, 1), (9, 0), (9, 1), (8, 1), (9, 1), (8, 1), (8, 0)]
_______________________________
Episode  12 starting.
Episode  12  done. Total reward:  -200.0
way:  [(5, 1), (5, 0), (4, 0), (3, 0), (4, 0), (5, 0), (4, 0), (3, 0), (2, 0), (3, 0), (3, 1), (2, 1), (1, 1), (0, 1), (1, 1), (0, 1), (1, 1), (0, 1), (1, 1), (0, 1), (0, 2), (1, 2), (0, 2), (0, 1), (0, 0), (0, 1), (0, 0), (1, 0), (2, 0), (3, 0), (2, 0), (1, 0), (0, 0), (0, 1), (0, 2), (1, 2), (0, 2), (0, 3), (1, 3), (1, 4), (2, 4), (1, 4), (0, 4), (0, 5), (0, 6), (1, 6), (0, 6), (1, 6), (0, 6), (1, 6), (2, 6), (1, 6), (1, 5), (0, 5), (1, 5), (0, 5), (1, 5), (0, 5), (1, 5), (0, 5), (1, 5), (0, 5), (1, 5), (1, 6), (2, 6), (1, 6), (0, 6), (1, 6), (2, 6), (2, 7), (2, 8), (2, 7), (1, 7), (0, 7), (0, 6), (1, 6), (0, 6), (1, 6), (0, 6), (1, 6), (0, 6), (1, 6), (1, 7), (0, 7), (0, 6), (1, 6), (0, 6), (1, 6), (0, 6), (1, 6), (0, 6), (1, 6), (0, 6), (0, 7), (1, 7), (0, 7), (1, 7), (0, 7), (0, 8), (0, 7), (0, 6), (1, 6), (0, 6), (1, 6), (0, 6), (1, 6), (0, 6), (0, 7), (1, 7), (1, 8), (0, 8), (1, 8), (0, 8), (1, 8), (0, 8), (0, 9), (1, 9), (0, 9), (0, 8), (0, 7), (1, 7), (0, 7), (1, 7), (2, 7), (1, 7), (0, 7), (0, 6), (1, 6), (0, 6), (1, 6), (0, 6), (1, 6), (0, 6), (0, 7), (1, 7), (0, 7), (1, 7), (0, 7), (1, 7), (0, 7), (1, 7), (1, 6), (0, 6), (1, 6), (0, 6), (1, 6), (0, 6), (0, 7), (1, 7), (0, 7), (1, 7), (1, 6), (0, 6), (1, 6), (0, 6), (1, 6), (0, 6), (1, 6), (0, 6), (1, 6), (0, 6), (1, 6), (0, 6), (1, 6), (0, 6), (1, 6), (2, 6), (2, 7), (3, 7), (3, 6), (3, 7), (3, 8), (4, 8), (3, 8), (2, 8), (1, 8), (1, 9), (0, 9), (1, 9), (2, 9), (1, 9), (0, 9), (1, 9), (0, 9), (1, 9), (0, 9), (0, 8), (1, 8), (2, 8), (1, 8), (1, 7), (0, 7), (1, 7), (0, 7), (1, 7), (0, 7), (1, 7), (0, 7), (1, 7), (0, 7)]
_______________________________
Episode  13 starting.
Episode  13  done. Total reward:  1866.0
way:  [(7, 9), (6, 9), (5, 9), (4, 9), (3, 9), (2, 9), (2, 8), (1, 8), (1, 7), (0, 7), (1, 7), (0, 7), (1, 7), (0, 7), (1, 7), (2, 7), (1, 7), (1, 6), (0, 6), (1, 6), (0, 6), (1, 6), (0, 6), (1, 6), (0, 6), (1, 6), (0, 6), (1, 6), (0, 6), (1, 6), (0, 6), (1, 6), (0, 6), (1, 6), (0, 6), (1, 6), (0, 6), (1, 6), (2, 6), (1, 6), (0, 6), (1, 6), (1, 7), (1, 6), (0, 6), (1, 6), (1, 5), (2, 5), (1, 5), (0, 5), (1, 5), (0, 5), (0, 6), (0, 5), (1, 5), (0, 5), (0, 4), (1, 4), (0, 4), (1, 4), (0, 4), (1, 4), (2, 4), (1, 4), (0, 4), (0, 5), (1, 5), (0, 5), (0, 4), (1, 4), (0, 4), (1, 4), (2, 4), (1, 4), (0, 4), (0, 3), (0, 2), (1, 2), (0, 2), (1, 2), (2, 2), (1, 2), (0, 2), (1, 2), (0, 2), (1, 2), (0, 2), (0, 1), (1, 1), (2, 1), (1, 1), (1, 2), (0, 2), (1, 2), (1, 3), (0, 3), (0, 2), (0, 1), (1, 1), (1, 0), (1, 1), (1, 0), (1, 1), (1, 0), (1, 1), (1, 0), (1, 1), (1, 2), (1, 1), (2, 1), (2, 0), (2, 1), (3, 1), (3, 0), (3, 1), (3, 0), (3, 1), (3, 0), (3, 1), (3, 0), (2, 0), (2, 1), (2, 2), (2, 3), (2, 2), (2, 1), (2, 0), (1, 0), (1, 1), (0, 1), (1, 1), (1, 2), (0, 2), (0, 1), (0, 0)]
_______________________________
Episode  14 starting.
Episode  14  done. Total reward:  -200.0
way:  [(5, 2), (5, 3), (5, 2), (5, 1), (5, 0), (5, 1), (5, 0), (5, 1), (5, 0), (5, 1), (4, 1), (4, 0), (4, 1), (5, 1), (5, 0), (5, 1), (5, 0), (6, 0), (5, 0), (5, 1), (5, 2), (5, 3), (5, 2), (6, 2), (6, 1), (6, 2), (6, 1), (6, 0), (6, 1), (6, 2), (6, 1), (5, 1), (5, 0), (6, 0), (6, 1), (7, 1), (7, 2), (7, 1), (6, 1), (6, 2), (6, 3), (6, 2), (6, 1), (6, 0), (6, 1), (6, 0), (6, 1), (6, 0), (5, 0), (6, 0), (6, 1), (6, 2), (5, 2), (5, 1), (5, 0), (4, 0), (4, 1), (3, 1), (3, 0), (3, 1), (3, 0), (3, 1), (3, 2), (3, 1), (3, 0), (3, 1), (3, 2), (3, 3), (3, 2), (3, 1), (3, 0), (3, 1), (3, 0), (3, 1), (3, 0), (3, 1), (4, 1), (5, 1), (5, 2), (5, 1), (4, 1), (5, 1), (5, 0), (5, 1), (5, 0), (5, 1), (5, 0), (4, 0), (4, 1), (5, 1), (5, 0), (5, 1), (5, 0), (5, 1), (5, 0), (5, 1), (5, 2), (5, 1), (5, 0), (6, 0), (6, 1), (6, 2), (6, 1), (6, 0), (7, 0), (7, 1), (7, 0), (7, 1), (6, 1), (6, 0), (6, 1), (6, 0), (6, 1), (6, 0), (6, 1), (7, 1), (7, 0), (7, 1), (7, 0), (6, 0), (7, 0), (7, 1), (7, 0), (7, 1), (7, 0), (7, 1), (7, 0), (7, 1), (7, 0), (7, 1), (7, 0), (8, 0), (9, 0), (8, 0), (8, 1), (8, 0), (8, 1), (9, 1), (9, 0), (9, 1), (9, 0), (9, 1), (9, 0), (9, 1), (9, 0), (9, 1), (9, 0), (9, 1), (9, 0), (9, 1), (9, 2), (9, 1), (9, 0), (9, 1), (9, 0), (8, 0), (8, 1), (8, 0), (8, 1), (8, 0), (8, 1), (8, 0), (8, 1), (7, 1), (7, 0), (7, 1), (7, 0), (7, 1), (8, 1), (8, 0), (9, 0), (9, 1), (9, 0), (9, 1), (9, 0), (9, 1), (9, 0), (9, 1), (9, 0), (9, 1), (9, 0), (9, 1), (9, 0), (9, 1), (9, 2), (9, 1), (9, 0), (9, 1), (8, 1), (8, 0), (8, 1), (8, 2), (8, 1), (8, 0), (8, 1), (8, 2), (8, 3), (8, 2), (7, 2), (7, 1)]
_______________________________
Episode  15 starting.
Episode  15  done. Total reward:  -200.0
way:  [(1, 9), (1, 8), (1, 7), (1, 6), (2, 6), (2, 5), (1, 5), (1, 6), (1, 5), (2, 5), (2, 4), (2, 3), (3, 3), (3, 2), (4, 2), (4, 1), (4, 0), (3, 0), (3, 1), (2, 1), (1, 1), (0, 1), (0, 2), (1, 2), (1, 1), (0, 1), (1, 1), (0, 1), (1, 1), (1, 0), (2, 0), (1, 0), (1, 1), (2, 1), (1, 1), (0, 1), (1, 1), (0, 1), (0, 0), (1, 0), (0, 0), (1, 0), (0, 0), (1, 0), (0, 0), (1, 0), (2, 0), (2, 1), (1, 1), (0, 1), (1, 1), (0, 1), (1, 1), (0, 1), (1, 1), (0, 1), (1, 1), (0, 1), (1, 1), (0, 1), (1, 1), (2, 1), (1, 1), (0, 1), (1, 1), (1, 2), (0, 2), (0, 3), (1, 3), (0, 3), (1, 3), (0, 3), (1, 3), (1, 2), (0, 2), (1, 2), (2, 2), (1, 2), (0, 2), (1, 2), (0, 2), (1, 2), (1, 1), (0, 1), (1, 1), (0, 1), (1, 1), (0, 1), (1, 1), (0, 1), (1, 1), (0, 1), (0, 0), (0, 1), (1, 1), (2, 1), (3, 1), (2, 1), (2, 2), (1, 2), (0, 2), (1, 2), (1, 3), (0, 3), (1, 3), (0, 3), (1, 3), (0, 3), (1, 3), (0, 3), (1, 3), (0, 3), (1, 3), (0, 3), (0, 2), (1, 2), (0, 2), (1, 2), (0, 2), (0, 1), (1, 1), (1, 0), (0, 0), (1, 0), (0, 0), (1, 0), (0, 0), (0, 1), (0, 0), (0, 1), (0, 0), (1, 0), (0, 0), (1, 0), (0, 0), (1, 0), (1, 1), (2, 1), (2, 0), (1, 0), (1, 1), (1, 0), (1, 1), (1, 0), (2, 0), (2, 1), (2, 0), (2, 1), (2, 0), (2, 1), (2, 2), (2, 1), (3, 1), (3, 2), (3, 1), (3, 0), (3, 1), (3, 0), (3, 1), (3, 2), (3, 1), (3, 0), (3, 1), (3, 0), (3, 1), (3, 0), (3, 1), (3, 0), (3, 1), (3, 0), (3, 1), (3, 0), (3, 1), (3, 0), (3, 1), (3, 2), (3, 3), (2, 3), (2, 2), (2, 1), (2, 0), (2, 1), (2, 0), (1, 0), (2, 0), (2, 1), (2, 0), (2, 1), (2, 0), (2, 1), (2, 0), (2, 1), (2, 0), (1, 0), (1, 1), (1, 0), (1, 1), (1, 0), (1, 1), (1, 0)]
_______________________________
Episode  16 starting.
Episode  16  done. Total reward:  -200.0
way:  [(6, 4), (6, 3), (5, 3), (4, 3), (4, 2), (5, 2), (6, 2), (6, 3), (5, 3), (6, 3), (5, 3), (4, 3), (3, 3), (3, 4), (2, 4), (2, 3), (1, 3), (0, 3), (1, 3), (0, 3), (0, 4), (0, 5), (1, 5), (0, 5), (1, 5), (0, 5), (0, 4), (0, 3), (1, 3), (0, 3), (1, 3), (1, 2), (1, 1), (0, 1), (0, 2), (1, 2), (1, 1), (2, 1), (2, 2), (1, 2), (0, 2), (1, 2), (0, 2), (0, 1), (1, 1), (0, 1), (0, 2), (0, 1), (1, 1), (0, 1), (1, 1), (1, 0), (0, 0), (0, 1), (0, 2), (0, 3), (1, 3), (0, 3), (1, 3), (0, 3), (1, 3), (1, 4), (0, 4), (1, 4), (0, 4), (0, 3), (0, 2), (1, 2), (0, 2), (0, 3), (1, 3), (1, 2), (0, 2), (0, 1), (1, 1), (0, 1), (1, 1), (0, 1), (0, 2), (1, 2), (0, 2), (1, 2), (0, 2), (1, 2), (0, 2), (0, 3), (1, 3), (1, 2), (0, 2), (1, 2), (2, 2), (3, 2), (2, 2), (1, 2), (0, 2), (1, 2), (1, 3), (0, 3), (1, 3), (0, 3), (0, 2), (1, 2), (0, 2), (0, 1), (1, 1), (1, 0), (0, 0), (1, 0), (0, 0), (1, 0), (0, 0), (1, 0), (0, 0), (0, 1), (1, 1), (2, 1), (2, 2), (1, 2), (2, 2), (3, 2), (3, 1), (2, 1), (2, 0), (1, 0), (0, 0), (1, 0), (0, 0), (1, 0), (0, 0), (0, 1), (0, 2), (1, 2), (1, 1), (0, 1), (0, 0), (0, 1), (0, 0), (0, 1), (1, 1), (0, 1), (0, 0), (0, 1), (0, 0), (1, 0), (1, 1), (2, 1), (2, 0), (2, 1), (3, 1), (4, 1), (4, 0), (4, 1), (4, 0), (4, 1), (4, 2), (5, 2), (5, 3), (5, 2), (5, 1), (5, 0), (4, 0), (4, 1), (4, 2), (5, 2), (5, 3), (5, 2), (5, 1), (5, 0), (4, 0), (4, 1), (4, 0), (4, 1), (4, 0), (4, 1), (4, 0), (4, 1), (4, 0), (4, 1), (4, 0), (3, 0), (3, 1), (4, 1), (4, 0), (4, 1), (4, 0), (4, 1), (4, 0), (4, 1), (4, 0), (4, 1), (4, 2), (3, 2), (3, 1), (3, 0), (2, 0), (2, 1), (2, 0), (2, 1), (1, 1), (1, 0)]
_______________________________
Episode  17 starting.
Episode  17  done. Total reward:  -200.0
way:  [(3, 7), (3, 6), (3, 5), (3, 6), (2, 6), (2, 7), (2, 6), (3, 6), (2, 6), (2, 5), (1, 5), (0, 5), (1, 5), (2, 5), (1, 5), (0, 5), (0, 4), (1, 4), (2, 4), (1, 4), (0, 4), (1, 4), (0, 4), (1, 4), (1, 3), (0, 3), (0, 4), (0, 5), (1, 5), (0, 5), (0, 4), (1, 4), (1, 5), (2, 5), (3, 5), (2, 5), (1, 5), (0, 5), (1, 5), (1, 6), (1, 5), (0, 5), (0, 4), (0, 5), (1, 5), (1, 6), (0, 6), (0, 5), (1, 5), (0, 5), (1, 5), (0, 5), (1, 5), (0, 5), (1, 5), (0, 5), (0, 4), (0, 5), (0, 6), (1, 6), (1, 7), (2, 7), (3, 7), (2, 7), (1, 7), (1, 6), (0, 6), (1, 6), (0, 6), (1, 6), (1, 5), (0, 5), (1, 5), (0, 5), (0, 4), (0, 3), (1, 3), (1, 4), (0, 4), (1, 4), (0, 4), (1, 4), (0, 4), (1, 4), (0, 4), (1, 4), (0, 4), (1, 4), (0, 4), (1, 4), (0, 4), (1, 4), (0, 4), (1, 4), (0, 4), (1, 4), (0, 4), (1, 4), (0, 4), (1, 4), (0, 4), (1, 4), (0, 4), (0, 3), (1, 3), (0, 3), (0, 2), (1, 2), (1, 3), (0, 3), (1, 3), (2, 3), (1, 3), (0, 3), (1, 3), (1, 4), (2, 4), (1, 4), (2, 4), (1, 4), (0, 4), (0, 5), (1, 5), (1, 4), (0, 4), (0, 5), (1, 5), (1, 6), (0, 6), (1, 6), (0, 6), (1, 6), (0, 6), (0, 7), (0, 6), (1, 6), (0, 6), (0, 7), (0, 8), (0, 7), (0, 6), (0, 7), (0, 6), (1, 6), (0, 6), (1, 6), (0, 6), (1, 6), (0, 6), (0, 5), (1, 5), (0, 5), (0, 4), (1, 4), (0, 4), (1, 4), (0, 4), (1, 4), (1, 3), (1, 4), (1, 3), (0, 3), (1, 3), (1, 2), (0, 2), (1, 2), (0, 2), (0, 3), (1, 3), (0, 3), (1, 3), (0, 3), (0, 4), (1, 4), (0, 4), (1, 4), (0, 4), (1, 4), (0, 4), (1, 4), (0, 4), (1, 4), (1, 3), (1, 2), (0, 2), (1, 2), (0, 2), (0, 3), (0, 2), (1, 2), (0, 2), (1, 2), (0, 2), (0, 3), (0, 4), (0, 3), (1, 3), (0, 3), (1, 3), (0, 3)]
_______________________________
Episode  18 starting.
Episode  18  done. Total reward:  -200.0
way:  [(4, 8), (4, 7), (4, 6), (4, 5), (4, 6), (4, 5), (4, 6), (4, 5), (3, 5), (2, 5), (1, 5), (0, 5), (0, 6), (0, 5), (0, 6), (1, 6), (1, 7), (1, 6), (0, 6), (0, 7), (1, 7), (0, 7), (1, 7), (0, 7), (1, 7), (0, 7), (1, 7), (0, 7), (1, 7), (1, 6), (0, 6), (1, 6), (0, 6), (1, 6), (1, 5), (0, 5), (1, 5), (0, 5), (1, 5), (0, 5), (0, 6), (1, 6), (0, 6), (1, 6), (1, 7), (0, 7), (1, 7), (0, 7), (1, 7), (1, 6), (0, 6), (0, 5), (1, 5), (0, 5), (1, 5), (0, 5), (1, 5), (0, 5), (1, 5), (0, 5), (0, 4), (1, 4), (0, 4), (1, 4), (0, 4), (0, 3), (1, 3), (0, 3), (1, 3), (0, 3), (1, 3), (1, 4), (0, 4), (1, 4), (0, 4), (1, 4), (0, 4), (0, 5), (1, 5), (0, 5), (0, 4), (1, 4), (0, 4), (1, 4), (0, 4), (0, 3), (1, 3), (1, 2), (1, 1), (1, 0), (2, 0), (2, 1), (2, 0), (2, 1), (2, 0), (2, 1), (2, 0), (2, 1), (2, 0), (3, 0), (2, 0), (2, 1), (2, 0), (2, 1), (3, 1), (2, 1), (2, 0), (2, 1), (2, 0), (2, 1), (2, 0), (2, 1), (3, 1), (3, 0), (3, 1), (3, 0), (3, 1), (3, 0), (2, 0), (1, 0), (1, 1), (2, 1), (2, 0), (2, 1), (2, 0), (2, 1), (1, 1), (0, 1), (0, 0), (0, 1), (0, 2), (0, 1), (0, 0), (0, 1), (0, 0), (0, 1), (0, 0), (0, 1), (0, 0), (1, 0), (1, 1), (1, 0), (1, 1), (1, 0), (1, 1), (1, 0), (1, 1), (1, 0), (1, 1), (1, 0), (1, 1), (1, 0), (0, 0), (0, 1), (0, 0), (0, 1), (0, 0), (0, 1), (0, 0), (0, 1), (0, 0), (0, 1), (0, 0), (0, 1), (0, 0), (0, 1), (0, 0), (0, 1), (0, 0), (0, 1), (0, 0), (0, 1), (0, 0), (1, 0), (1, 1), (0, 1), (0, 0), (0, 1), (0, 0), (1, 0), (1, 1), (0, 1), (1, 1), (1, 0), (1, 1), (1, 0), (0, 0), (1, 0), (1, 1), (1, 0), (2, 0), (3, 0), (3, 1), (3, 0), (3, 1), (3, 0), (3, 1), (3, 0), (4, 0), (5, 0)]
_______________________________
Episode  19 starting.
Episode  19  done. Total reward:  -200.0
way:  [(2, 9), (2, 8), (2, 7), (2, 6), (2, 7), (2, 6), (2, 5), (2, 4), (3, 4), (2, 4), (1, 4), (0, 4), (1, 4), (0, 4), (1, 4), (0, 4), (1, 4), (0, 4), (1, 4), (0, 4), (0, 5), (0, 6), (1, 6), (0, 6), (0, 7), (1, 7), (0, 7), (0, 8), (0, 9), (1, 9), (0, 9), (0, 8), (1, 8), (0, 8), (1, 8), (2, 8), (1, 8), (0, 8), (1, 8), (0, 8), (1, 8), (0, 8), (0, 9), (1, 9), (0, 9), (1, 9), (0, 9), (1, 9), (0, 9), (1, 9), (0, 9), (1, 9), (0, 9), (1, 9), (2, 9), (1, 9), (1, 8), (0, 8), (0, 9), (1, 9), (0, 9), (0, 8), (1, 8), (0, 8), (0, 7), (1, 7), (1, 8), (0, 8), (1, 8), (0, 8), (1, 8), (0, 8), (1, 8), (0, 8), (1, 8), (1, 7), (0, 7), (0, 8), (0, 9), (1, 9), (0, 9), (1, 9), (0, 9), (1, 9), (2, 9), (1, 9), (0, 9), (1, 9), (0, 9), (0, 8), (1, 8), (0, 8), (1, 8), (0, 8), (0, 7), (1, 7), (0, 7), (1, 7), (0, 7), (0, 6), (1, 6), (0, 6), (1, 6), (0, 6), (1, 6), (1, 7), (0, 7), (1, 7), (1, 8), (0, 8), (0, 7), (0, 6), (1, 6), (0, 6), (0, 7), (1, 7), (0, 7), (1, 7), (0, 7), (1, 7), (0, 7), (1, 7), (0, 7), (1, 7), (1, 6), (0, 6), (1, 6), (0, 6), (1, 6), (0, 6), (1, 6), (0, 6), (0, 5), (0, 4), (1, 4), (1, 3), (1, 2), (0, 2), (0, 3), (1, 3), (0, 3), (1, 3), (1, 4), (0, 4), (1, 4), (0, 4), (0, 3), (1, 3), (1, 4), (0, 4), (1, 4), (0, 4), (0, 5), (0, 6), (1, 6), (0, 6), (1, 6), (0, 6), (0, 5), (1, 5), (1, 6), (2, 6), (3, 6), (3, 5), (2, 5), (2, 6), (1, 6), (0, 6), (1, 6), (0, 6), (0, 5), (0, 4), (0, 5), (0, 6), (1, 6), (1, 7), (0, 7), (1, 7), (0, 7), (0, 6), (1, 6), (0, 6), (1, 6), (0, 6), (1, 6), (0, 6), (1, 6), (0, 6), (1, 6), (0, 6), (1, 6), (0, 6), (1, 6), (1, 7), (1, 6), (0, 6), (1, 6), (0, 6), (1, 6), (0, 6)]
_______________________________
Episode  20 starting.
Episode  20  done. Total reward:  -200.0
way:  [(0, 7), (0, 6), (0, 5), (0, 4), (1, 4), (0, 4), (1, 4), (0, 4), (0, 3), (1, 3), (0, 3), (1, 3), (1, 2), (0, 2), (1, 2), (0, 2), (1, 2), (0, 2), (1, 2), (0, 2), (1, 2), (0, 2), (1, 2), (0, 2), (0, 3), (1, 3), (0, 3), (1, 3), (1, 2), (0, 2), (1, 2), (1, 1), (1, 0), (0, 0), (1, 0), (1, 1), (0, 1), (0, 0), (0, 1), (1, 1), (1, 2), (0, 2), (1, 2), (1, 1), (0, 1), (1, 1), (0, 1), (1, 1), (1, 0), (0, 0), (1, 0), (0, 0), (1, 0), (0, 0), (0, 1), (1, 1), (0, 1), (1, 1), (0, 1), (1, 1), (0, 1), (1, 1), (1, 0), (0, 0), (1, 0), (0, 0), (1, 0), (1, 1), (0, 1), (1, 1), (0, 1), (1, 1), (0, 1), (1, 1), (0, 1), (1, 1), (0, 1), (1, 1), (1, 0), (2, 0), (1, 0), (0, 0), (1, 0), (0, 0), (0, 1), (1, 1), (1, 2), (0, 2), (0, 1), (0, 0), (1, 0), (0, 0), (1, 0), (0, 0), (0, 1), (0, 0), (1, 0), (0, 0), (1, 0), (0, 0), (1, 0), (0, 0), (1, 0), (0, 0), (0, 1), (0, 0), (1, 0), (0, 0), (0, 1), (0, 2), (0, 1), (1, 1), (1, 0), (1, 1), (2, 1), (2, 0), (2, 1), (3, 1), (4, 1), (4, 0), (5, 0), (5, 1), (5, 0), (5, 1), (5, 0), (5, 1), (5, 0), (4, 0), (3, 0), (2, 0), (1, 0), (0, 0), (0, 1), (0, 0), (1, 0), (2, 0), (2, 1), (2, 2), (2, 3), (1, 3), (1, 2), (1, 3), (0, 3), (0, 2), (0, 1), (0, 0), (0, 1), (0, 0), (0, 1), (0, 0), (0, 1), (0, 0), (0, 1), (0, 0), (0, 1), (0, 0), (0, 1), (0, 0), (0, 1), (0, 2), (0, 3), (0, 4), (0, 3), (0, 2), (0, 1), (0, 0), (0, 1), (0, 0), (0, 1), (1, 1), (1, 0), (1, 1), (1, 2), (1, 1), (1, 0), (1, 1), (1, 0), (1, 1), (1, 0), (1, 1), (1, 0), (0, 0), (0, 1), (0, 0), (0, 1), (0, 0), (0, 1), (1, 1), (1, 0), (1, 1), (1, 2), (1, 1), (1, 0), (1, 1), (1, 0), (1, 1), (1, 0), (1, 1), (1, 2), (1, 1)]
_______________________________
Episode  21 starting.
Episode  21  done. Total reward:  -200.0
way:  [(0, 1), (0, 0), (0, 1), (0, 0), (1, 0), (1, 1), (1, 0), (2, 0), (2, 1), (1, 1), (1, 0), (2, 0), (1, 0), (0, 0), (1, 0), (0, 0), (1, 0), (0, 0), (1, 0), (0, 0), (0, 1), (1, 1), (0, 1), (1, 1), (1, 2), (0, 2), (1, 2), (2, 2), (1, 2), (0, 2), (1, 2), (0, 2), (0, 3), (0, 2), (1, 2), (0, 2), (0, 1), (1, 1), (0, 1), (1, 1), (0, 1), (1, 1), (0, 1), (1, 1), (0, 1), (1, 1), (0, 1), (1, 1), (0, 1), (1, 1), (0, 1), (1, 1), (1, 2), (1, 3), (0, 3), (1, 3), (0, 3), (1, 3), (0, 3), (1, 3), (0, 3), (1, 3), (0, 3), (1, 3), (0, 3), (0, 4), (0, 3), (1, 3), (0, 3), (0, 4), (0, 3), (0, 2), (0, 3), (1, 3), (1, 2), (0, 2), (1, 2), (1, 3), (0, 3), (1, 3), (0, 3), (0, 2), (1, 2), (0, 2), (0, 1), (1, 1), (0, 1), (0, 2), (0, 1), (0, 0), (1, 0), (0, 0), (1, 0), (1, 1), (2, 1), (2, 0), (1, 0), (2, 0), (3, 0), (2, 0), (3, 0), (2, 0), (1, 0), (1, 1), (0, 1), (1, 1), (0, 1), (0, 2), (0, 1), (1, 1), (0, 1), (1, 1), (0, 1), (1, 1), (0, 1), (1, 1), (1, 2), (1, 1), (2, 1), (2, 2), (1, 2), (0, 2), (1, 2), (0, 2), (1, 2), (0, 2), (1, 2), (0, 2), (1, 2), (0, 2), (1, 2), (1, 1), (2, 1), (1, 1), (0, 1), (0, 2), (1, 2), (0, 2), (0, 3), (1, 3), (0, 3), (0, 2), (1, 2), (0, 2), (0, 1), (1, 1), (2, 1), (1, 1), (0, 1), (1, 1), (1, 0), (1, 1), (1, 2), (0, 2), (0, 1), (1, 1), (2, 1), (1, 1), (1, 0), (0, 0), (0, 1), (0, 0), (0, 1), (0, 0), (0, 1), (0, 0), (0, 1), (0, 2), (1, 2), (0, 2), (0, 3), (0, 2), (1, 2), (1, 1), (1, 2), (1, 1), (1, 0), (1, 1), (1, 0), (1, 1), (1, 0), (1, 1), (1, 0), (1, 1), (1, 0), (1, 1), (1, 0), (2, 0), (2, 1), (2, 0), (3, 0), (3, 1), (3, 0), (3, 1), (3, 0), (3, 1), (3, 0), (3, 1), (3, 0), (3, 1)]
_______________________________
Episode  22 starting.
Episode  22  done. Total reward:  -200.0
way:  [(1, 0), (2, 0), (1, 0), (0, 0), (1, 0), (2, 0), (1, 0), (0, 0), (1, 0), (2, 0), (2, 1), (1, 1), (0, 1), (1, 1), (0, 1), (1, 1), (1, 2), (0, 2), (1, 2), (0, 2), (1, 2), (1, 3), (1, 2), (1, 1), (0, 1), (1, 1), (1, 0), (0, 0), (1, 0), (0, 0), (1, 0), (0, 0), (1, 0), (1, 1), (0, 1), (0, 2), (0, 3), (0, 4), (0, 5), (1, 5), (1, 6), (0, 6), (0, 5), (1, 5), (0, 5), (1, 5), (0, 5), (1, 5), (0, 5), (1, 5), (0, 5), (0, 4), (1, 4), (0, 4), (1, 4), (0, 4), (1, 4), (0, 4), (0, 3), (1, 3), (0, 3), (0, 2), (0, 1), (1, 1), (0, 1), (0, 2), (0, 3), (0, 4), (1, 4), (2, 4), (1, 4), (1, 3), (1, 4), (0, 4), (1, 4), (0, 4), (1, 4), (0, 4), (1, 4), (0, 4), (1, 4), (0, 4), (1, 4), (2, 4), (2, 5), (1, 5), (0, 5), (1, 5), (0, 5), (1, 5), (0, 5), (1, 5), (0, 5), (0, 4), (0, 3), (1, 3), (0, 3), (0, 2), (1, 2), (1, 1), (0, 1), (1, 1), (0, 1), (0, 0), (1, 0), (0, 0), (1, 0), (0, 0), (1, 0), (0, 0), (1, 0), (0, 0), (1, 0), (0, 0), (0, 1), (0, 0), (1, 0), (1, 1), (0, 1), (1, 1), (0, 1), (1, 1), (0, 1), (0, 0), (0, 1), (1, 1), (0, 1), (1, 1), (0, 1), (0, 2), (1, 2), (0, 2), (1, 2), (0, 2), (1, 2), (0, 2), (1, 2), (0, 2), (1, 2), (1, 1), (0, 1), (0, 2), (1, 2), (1, 1), (1, 2), (0, 2), (0, 3), (0, 2), (0, 3), (0, 2), (0, 1), (0, 2), (0, 1), (0, 2), (0, 1), (0, 0), (0, 1), (0, 2), (0, 3), (0, 2), (0, 1), (1, 1), (1, 0), (0, 0), (0, 1), (0, 0), (0, 1), (0, 0), (0, 1), (0, 2), (0, 1), (0, 2), (0, 1), (0, 0), (0, 1), (1, 1), (1, 0), (1, 1), (1, 0), (1, 1), (1, 0), (1, 1), (1, 0), (1, 1), (0, 1), (0, 2), (0, 1), (0, 0), (0, 1), (0, 0), (0, 1), (0, 2), (0, 1), (0, 0), (1, 0), (1, 1), (1, 0), (1, 1), (1, 0), (1, 1)]
_______________________________
Episode  23 starting.
Episode  23  done. Total reward:  -200.0
way:  [(9, 3), (9, 2), (9, 1), (8, 1), (7, 1), (6, 1), (6, 0), (5, 0), (4, 0), (3, 0), (2, 0), (3, 0), (2, 0), (1, 0), (2, 0), (3, 0), (2, 0), (3, 0), (3, 1), (3, 0), (3, 1), (2, 1), (1, 1), (0, 1), (1, 1), (0, 1), (1, 1), (0, 1), (0, 0), (1, 0), (0, 0), (1, 0), (2, 0), (1, 0), (0, 0), (1, 0), (2, 0), (2, 1), (1, 1), (0, 1), (1, 1), (2, 1), (2, 0), (1, 0), (0, 0), (1, 0), (0, 0), (0, 1), (1, 1), (0, 1), (1, 1), (0, 1), (0, 2), (1, 2), (2, 2), (1, 2), (0, 2), (1, 2), (1, 1), (0, 1), (1, 1), (2, 1), (2, 0), (1, 0), (0, 0), (1, 0), (0, 0), (1, 0), (0, 0), (1, 0), (2, 0), (3, 0), (2, 0), (1, 0), (0, 0), (1, 0), (0, 0), (1, 0), (0, 0), (1, 0), (2, 0), (1, 0), (0, 0), (1, 0), (0, 0), (1, 0), (0, 0), (1, 0), (0, 0), (0, 1), (1, 1), (0, 1), (0, 2), (1, 2), (1, 3), (1, 2), (0, 2), (1, 2), (2, 2), (2, 1), (1, 1), (1, 0), (0, 0), (1, 0), (2, 0), (3, 0), (2, 0), (1, 0), (0, 0), (1, 0), (0, 0), (1, 0), (0, 0), (1, 0), (0, 0), (1, 0), (0, 0), (1, 0), (0, 0), (1, 0), (0, 0), (0, 1), (1, 1), (1, 2), (0, 2), (0, 1), (0, 2), (1, 2), (2, 2), (2, 1), (1, 1), (1, 0), (1, 1), (2, 1), (2, 0), (2, 1), (2, 0), (2, 1), (2, 0), (2, 1), (2, 0), (1, 0), (1, 1), (1, 0), (1, 1), (1, 0), (1, 1), (0, 1), (0, 0), (1, 0), (1, 1), (2, 1), (2, 2), (2, 1), (2, 2), (3, 2), (4, 2), (4, 1), (4, 0), (4, 1), (4, 0), (3, 0), (3, 1), (2, 1), (3, 1), (3, 0), (3, 1), (3, 0), (4, 0), (4, 1), (5, 1), (5, 0), (5, 1), (6, 1), (6, 2), (6, 1), (5, 1), (6, 1), (7, 1), (7, 0), (7, 1), (7, 0), (7, 1), (7, 2), (7, 1), (7, 0), (7, 1), (7, 0), (8, 0), (7, 0), (7, 1), (7, 0), (7, 1), (8, 1), (8, 0), (7, 0), (7, 1), (7, 0), (7, 1), (6, 1)]
_______________________________
Episode  24 starting.
Episode  24  done. Total reward:  -200.0
way:  [(0, 0), (1, 0), (0, 0), (1, 0), (1, 1), (1, 2), (0, 2), (1, 2), (1, 1), (0, 1), (1, 1), (0, 1), (1, 1), (0, 1), (1, 1), (0, 1), (1, 1), (0, 1), (1, 1), (0, 1), (0, 0), (1, 0), (0, 0), (1, 0), (0, 0), (1, 0), (1, 1), (0, 1), (0, 0), (1, 0), (0, 0), (1, 0), (0, 0), (1, 0), (2, 0), (1, 0), (0, 0), (1, 0), (1, 1), (0, 1), (1, 1), (0, 1), (0, 2), (0, 1), (0, 0), (1, 0), (0, 0), (1, 0), (0, 0), (1, 0), (1, 1), (0, 1), (1, 1), (0, 1), (1, 1), (0, 1), (1, 1), (1, 2), (0, 2), (1, 2), (0, 2), (1, 2), (0, 2), (1, 2), (0, 2), (0, 3), (1, 3), (0, 3), (1, 3), (0, 3), (1, 3), (0, 3), (1, 3), (0, 3), (1, 3), (2, 3), (1, 3), (0, 3), (1, 3), (2, 3), (2, 4), (1, 4), (0, 4), (1, 4), (0, 4), (0, 3), (0, 4), (0, 5), (0, 4), (0, 3), (0, 2), (1, 2), (0, 2), (1, 2), (1, 1), (0, 1), (1, 1), (0, 1), (1, 1), (0, 1), (1, 1), (0, 1), (1, 1), (0, 1), (1, 1), (0, 1), (1, 1), (1, 2), (0, 2), (0, 3), (0, 4), (1, 4), (2, 4), (1, 4), (0, 4), (1, 4), (0, 4), (1, 4), (0, 4), (0, 5), (1, 5), (0, 5), (1, 5), (2, 5), (1, 5), (0, 5), (1, 5), (0, 5), (1, 5), (0, 5), (1, 5), (0, 5), (1, 5), (2, 5), (1, 5), (1, 6), (0, 6), (1, 6), (1, 7), (0, 7), (1, 7), (0, 7), (1, 7), (1, 6), (0, 6), (1, 6), (0, 6), (1, 6), (1, 7), (0, 7), (1, 7), (0, 7), (1, 7), (0, 7), (0, 8), (0, 7), (0, 8), (1, 8), (1, 9), (0, 9), (0, 8), (0, 7), (1, 7), (0, 7), (1, 7), (0, 7), (1, 7), (0, 7), (0, 8), (1, 8), (0, 8), (1, 8), (0, 8), (1, 8), (0, 8), (1, 8), (0, 8), (1, 8), (0, 8), (1, 8), (0, 8), (1, 8), (2, 8), (1, 8), (1, 9), (0, 9), (1, 9), (0, 9), (1, 9), (0, 9), (1, 9), (1, 8), (0, 8), (1, 8), (1, 9), (1, 8), (1, 9), (0, 9), (0, 8), (0, 9)]
_______________________________
Episode  25 starting.
Episode  25  done. Total reward:  -200.0
way:  [(0, 4), (1, 4), (0, 4), (0, 5), (0, 4), (1, 4), (2, 4), (2, 3), (1, 3), (0, 3), (1, 3), (1, 2), (0, 2), (1, 2), (0, 2), (1, 2), (0, 2), (1, 2), (0, 2), (0, 3), (0, 4), (0, 5), (1, 5), (1, 6), (2, 6), (1, 6), (0, 6), (1, 6), (1, 7), (0, 7), (1, 7), (1, 8), (0, 8), (1, 8), (0, 8), (1, 8), (0, 8), (0, 9), (1, 9), (2, 9), (3, 9), (2, 9), (1, 9), (0, 9), (1, 9), (0, 9), (1, 9), (0, 9), (1, 9), (0, 9), (1, 9), (0, 9), (1, 9), (0, 9), (1, 9), (0, 9), (0, 8), (1, 8), (0, 8), (1, 8), (0, 8), (1, 8), (0, 8), (1, 8), (0, 8), (1, 8), (0, 8), (1, 8), (0, 8), (0, 7), (1, 7), (2, 7), (3, 7), (4, 7), (3, 7), (2, 7), (2, 8), (1, 8), (2, 8), (2, 7), (3, 7), (4, 7), (3, 7), (2, 7), (3, 7), (2, 7), (1, 7), (0, 7), (1, 7), (0, 7), (1, 7), (0, 7), (1, 7), (0, 7), (0, 6), (1, 6), (1, 7), (0, 7), (1, 7), (0, 7), (0, 6), (1, 6), (1, 5), (2, 5), (3, 5), (4, 5), (3, 5), (4, 5), (4, 6), (4, 5), (3, 5), (3, 4), (4, 4), (4, 3), (4, 2), (5, 2), (5, 1), (6, 1), (6, 2), (6, 1), (6, 0), (7, 0), (7, 1), (7, 0), (7, 1), (7, 2), (7, 1), (7, 0), (7, 1), (7, 0), (7, 1), (6, 1), (6, 0), (7, 0), (7, 1), (7, 0), (7, 1), (7, 0), (7, 1), (7, 0), (8, 0), (8, 1), (8, 0), (8, 1), (7, 1), (7, 0), (7, 1), (7, 0), (7, 1), (8, 1), (8, 0), (8, 1), (8, 0), (8, 1), (8, 0), (8, 1), (8, 2), (9, 2), (9, 1), (8, 1), (8, 0), (8, 1), (8, 0), (8, 1), (8, 0), (8, 1), (9, 1), (9, 2), (9, 1), (9, 0), (9, 1), (9, 0), (9, 1), (8, 1), (9, 1), (9, 0), (9, 1), (9, 0), (9, 1), (9, 0), (9, 1), (8, 1), (8, 0), (8, 1), (8, 0), (8, 1), (8, 0), (8, 1), (8, 0), (8, 1), (8, 0), (8, 1), (8, 0), (7, 0), (7, 1), (8, 1), (8, 0), (7, 0), (7, 1), (7, 0)]
_______________________________
Episode  26 starting.
Episode  26  done. Total reward:  -200.0
way:  [(5, 9), (5, 8), (6, 8), (5, 8), (4, 8), (3, 8), (2, 8), (1, 8), (0, 8), (1, 8), (0, 8), (1, 8), (1, 7), (1, 6), (2, 6), (2, 5), (1, 5), (0, 5), (0, 4), (0, 3), (0, 2), (1, 2), (0, 2), (1, 2), (0, 2), (1, 2), (1, 3), (1, 4), (0, 4), (1, 4), (2, 4), (1, 4), (0, 4), (1, 4), (0, 4), (1, 4), (1, 3), (0, 3), (1, 3), (0, 3), (1, 3), (0, 3), (1, 3), (0, 3), (1, 3), (0, 3), (1, 3), (0, 3), (1, 3), (0, 3), (0, 4), (1, 4), (0, 4), (1, 4), (1, 3), (2, 3), (1, 3), (0, 3), (1, 3), (1, 2), (1, 1), (0, 1), (1, 1), (0, 1), (0, 2), (1, 2), (1, 3), (0, 3), (1, 3), (0, 3), (1, 3), (0, 3), (0, 2), (1, 2), (1, 1), (2, 1), (1, 1), (0, 1), (1, 1), (1, 2), (0, 2), (1, 2), (0, 2), (1, 2), (1, 1), (0, 1), (0, 0), (1, 0), (0, 0), (1, 0), (2, 0), (1, 0), (0, 0), (1, 0), (0, 0), (1, 0), (1, 1), (0, 1), (1, 1), (0, 1), (1, 1), (2, 1), (2, 0), (1, 0), (0, 0), (1, 0), (2, 0), (3, 0), (2, 0), (1, 0), (1, 1), (1, 0), (1, 1), (2, 1), (3, 1), (3, 0), (3, 1), (2, 1), (2, 0), (2, 1), (2, 0), (2, 1), (2, 0), (3, 0), (4, 0), (4, 1), (4, 0), (4, 1), (4, 0), (4, 1), (4, 0), (4, 1), (4, 2), (4, 1), (4, 0), (4, 1), (4, 0), (4, 1), (4, 0), (4, 1), (4, 0), (4, 1), (5, 1), (6, 1), (6, 0), (6, 1), (6, 0), (6, 1), (5, 1), (5, 0), (5, 1), (5, 0), (5, 1), (5, 0), (5, 1), (5, 0), (5, 1), (5, 0), (5, 1), (5, 0), (5, 1), (6, 1), (6, 0), (6, 1), (6, 0), (6, 1), (6, 0), (6, 1), (5, 1), (5, 2), (4, 2), (4, 3), (4, 2), (5, 2), (5, 1), (5, 0), (5, 1), (4, 1), (5, 1), (4, 1), (4, 0), (4, 1), (4, 0), (4, 1), (4, 0), (4, 1), (3, 1), (3, 0), (3, 1), (3, 0), (2, 0), (2, 1), (2, 0), (2, 1), (2, 0), (1, 0), (1, 1), (2, 1), (2, 0), (1, 0)]
_______________________________
Episode  27 starting.
Episode  27  done. Total reward:  -200.0
way:  [(1, 1), (1, 0), (0, 0), (0, 1), (1, 1), (2, 1), (1, 1), (0, 1), (0, 0), (0, 1), (1, 1), (0, 1), (0, 2), (0, 3), (1, 3), (0, 3), (1, 3), (0, 3), (0, 2), (1, 2), (0, 2), (1, 2), (2, 2), (1, 2), (0, 2), (1, 2), (1, 3), (1, 4), (0, 4), (1, 4), (0, 4), (0, 3), (1, 3), (1, 4), (0, 4), (0, 5), (1, 5), (2, 5), (1, 5), (0, 5), (1, 5), (1, 6), (0, 6), (0, 7), (0, 8), (0, 7), (0, 8), (1, 8), (0, 8), (0, 9), (1, 9), (0, 9), (1, 9), (0, 9), (1, 9), (0, 9), (1, 9), (0, 9), (1, 9), (0, 9), (1, 9), (2, 9), (1, 9), (0, 9), (1, 9), (0, 9), (0, 8), (0, 9), (1, 9), (0, 9), (1, 9), (0, 9), (1, 9), (0, 9), (1, 9), (0, 9), (1, 9), (0, 9), (1, 9), (0, 9), (1, 9), (0, 9), (1, 9), (2, 9), (3, 9), (2, 9), (2, 8), (1, 8), (0, 8), (1, 8), (0, 8), (0, 7), (1, 7), (0, 7), (1, 7), (2, 7), (1, 7), (0, 7), (0, 8), (1, 8), (0, 8), (1, 8), (2, 8), (1, 8), (0, 8), (1, 8), (0, 8), (0, 7), (1, 7), (0, 7), (1, 7), (0, 7), (0, 6), (1, 6), (2, 6), (1, 6), (0, 6), (1, 6), (1, 7), (0, 7), (1, 7), (1, 8), (0, 8), (1, 8), (2, 8), (3, 8), (2, 8), (1, 8), (0, 8), (1, 8), (0, 8), (1, 8), (1, 7), (0, 7), (1, 7), (0, 7), (1, 7), (0, 7), (1, 7), (0, 7), (1, 7), (0, 7), (1, 7), (0, 7), (0, 8), (1, 8), (0, 8), (1, 8), (1, 9), (0, 9), (1, 9), (0, 9), (1, 9), (2, 9), (3, 9), (2, 9), (1, 9), (0, 9), (1, 9), (0, 9), (1, 9), (0, 9), (1, 9), (2, 9), (3, 9), (2, 9), (2, 8), (1, 8), (2, 8), (1, 8), (0, 8), (1, 8), (0, 8), (1, 8), (2, 8), (1, 8), (0, 8), (1, 8), (0, 8), (1, 8), (0, 8), (0, 9), (1, 9), (0, 9), (1, 9), (2, 9), (1, 9), (0, 9), (0, 8), (1, 8), (0, 8), (0, 7), (0, 8), (1, 8), (1, 9), (2, 9), (1, 9), (0, 9), (1, 9), (2, 9)]
_______________________________
Episode  28 starting.
Episode  28  done. Total reward:  -200.0
way:  [(6, 8), (7, 8), (6, 8), (6, 9), (5, 9), (4, 9), (4, 8), (3, 8), (2, 8), (1, 8), (0, 8), (1, 8), (0, 8), (1, 8), (0, 8), (1, 8), (1, 7), (0, 7), (0, 8), (1, 8), (0, 8), (1, 8), (0, 8), (1, 8), (0, 8), (0, 7), (1, 7), (2, 7), (2, 6), (3, 6), (2, 6), (1, 6), (0, 6), (1, 6), (1, 5), (0, 5), (1, 5), (2, 5), (3, 5), (2, 5), (1, 5), (0, 5), (1, 5), (0, 5), (0, 6), (1, 6), (1, 7), (0, 7), (0, 8), (0, 7), (1, 7), (0, 7), (0, 6), (0, 5), (0, 6), (1, 6), (0, 6), (0, 7), (1, 7), (0, 7), (1, 7), (0, 7), (1, 7), (1, 8), (0, 8), (0, 9), (1, 9), (1, 8), (1, 9), (1, 8), (0, 8), (1, 8), (1, 7), (0, 7), (1, 7), (1, 8), (0, 8), (1, 8), (1, 9), (0, 9), (1, 9), (0, 9), (1, 9), (0, 9), (1, 9), (2, 9), (2, 8), (1, 8), (0, 8), (1, 8), (1, 7), (0, 7), (1, 7), (0, 7), (1, 7), (0, 7), (0, 6), (1, 6), (0, 6), (1, 6), (1, 7), (0, 7), (0, 6), (0, 5), (1, 5), (1, 6), (0, 6), (1, 6), (0, 6), (1, 6), (0, 6), (1, 6), (0, 6), (1, 6), (0, 6), (1, 6), (0, 6), (1, 6), (0, 6), (1, 6), (2, 6), (2, 7), (1, 7), (0, 7), (1, 7), (0, 7), (1, 7), (0, 7), (0, 6), (1, 6), (0, 6), (1, 6), (0, 6), (1, 6), (0, 6), (1, 6), (2, 6), (2, 5), (1, 5), (0, 5), (0, 4), (1, 4), (1, 5), (0, 5), (0, 6), (1, 6), (0, 6), (1, 6), (1, 7), (1, 6), (1, 5), (1, 4), (1, 3), (1, 2), (1, 1), (2, 1), (3, 1), (3, 0), (3, 1), (3, 0), (3, 1), (3, 0), (3, 1), (3, 0), (3, 1), (3, 0), (3, 1), (3, 0), (3, 1), (3, 2), (3, 1), (3, 0), (2, 0), (2, 1), (2, 0), (2, 1), (2, 0), (2, 1), (2, 0), (2, 1), (2, 0), (2, 1), (2, 0), (1, 0), (1, 1), (1, 0), (1, 1), (1, 0), (1, 1), (2, 1), (3, 1), (3, 0), (4, 0), (5, 0), (5, 1), (5, 2), (5, 1), (4, 1), (4, 0), (5, 0)]
_______________________________
Episode  29 starting.
Episode  29  done. Total reward:  -200.0
way:  [(1, 4), (1, 3), (1, 2), (1, 1), (1, 0), (1, 1), (0, 1), (1, 1), (0, 1), (1, 1), (0, 1), (1, 1), (0, 1), (1, 1), (2, 1), (1, 1), (1, 2), (0, 2), (0, 1), (1, 1), (0, 1), (1, 1), (0, 1), (1, 1), (0, 1), (0, 0), (1, 0), (1, 1), (0, 1), (1, 1), (2, 1), (1, 1), (0, 1), (0, 2), (1, 2), (0, 2), (1, 2), (0, 2), (1, 2), (0, 2), (1, 2), (0, 2), (1, 2), (1, 1), (0, 1), (1, 1), (2, 1), (1, 1), (0, 1), (1, 1), (0, 1), (1, 1), (0, 1), (0, 2), (1, 2), (0, 2), (0, 1), (1, 1), (0, 1), (0, 2), (1, 2), (0, 2), (1, 2), (2, 2), (1, 2), (0, 2), (1, 2), (2, 2), (1, 2), (1, 3), (0, 3), (0, 2), (1, 2), (0, 2), (0, 1), (0, 2), (1, 2), (1, 1), (1, 0), (1, 1), (1, 0), (1, 1), (1, 0), (0, 0), (0, 1), (0, 0), (0, 1), (0, 0), (0, 1), (0, 0), (0, 1), (0, 0), (0, 1), (0, 0), (0, 1), (0, 0), (0, 1), (0, 0), (0, 1), (0, 0), (0, 1), (0, 0), (0, 1), (0, 0), (1, 0), (1, 1), (1, 0), (1, 1), (1, 0), (0, 0), (0, 1), (0, 0), (0, 1), (0, 0), (0, 1), (0, 0), (0, 1), (0, 0), (0, 1), (0, 2), (0, 1), (0, 0), (0, 1), (0, 0), (0, 1), (0, 0), (0, 1), (0, 0), (0, 1), (0, 0), (0, 1), (0, 0), (0, 1), (1, 1), (2, 1), (2, 0), (2, 1), (2, 0), (1, 0), (1, 1), (1, 0), (1, 1), (1, 0), (1, 1), (1, 0), (1, 1), (1, 2), (1, 1), (1, 0), (1, 1), (1, 2), (1, 1), (1, 0), (2, 0), (2, 1), (1, 1), (1, 0), (0, 0), (0, 1), (0, 0), (0, 1), (0, 0), (0, 1), (0, 0), (1, 0), (1, 1), (1, 0), (0, 0), (0, 1), (0, 2), (1, 2), (1, 3), (1, 2), (1, 1), (1, 0), (2, 0), (2, 1), (2, 0), (2, 1), (2, 0), (2, 1), (2, 2), (1, 2), (2, 2), (2, 1), (2, 0), (1, 0), (1, 1), (1, 0), (1, 1), (1, 0), (1, 1), (1, 0), (1, 1), (1, 2), (1, 1), (1, 0), (1, 1), (1, 0), (1, 1)]
_______________________________
Episode  30 starting.
Episode  30  done. Total reward:  -200.0
way:  [(7, 2), (6, 2), (7, 2), (6, 2), (5, 2), (4, 2), (4, 1), (5, 1), (4, 1), (4, 0), (3, 0), (2, 0), (1, 0), (2, 0), (1, 0), (2, 0), (1, 0), (1, 1), (1, 0), (0, 0), (0, 1), (1, 1), (0, 1), (1, 1), (0, 1), (1, 1), (0, 1), (1, 1), (0, 1), (1, 1), (0, 1), (0, 2), (1, 2), (1, 3), (0, 3), (1, 3), (1, 4), (0, 4), (1, 4), (0, 4), (1, 4), (0, 4), (1, 4), (0, 4), (1, 4), (0, 4), (0, 3), (1, 3), (0, 3), (1, 3), (0, 3), (1, 3), (2, 3), (3, 3), (2, 3), (1, 3), (0, 3), (1, 3), (0, 3), (0, 2), (1, 2), (1, 1), (0, 1), (0, 0), (1, 0), (2, 0), (1, 0), (0, 0), (1, 0), (0, 0), (1, 0), (0, 0), (1, 0), (0, 0), (1, 0), (0, 0), (1, 0), (0, 0), (1, 0), (0, 0), (0, 1), (0, 0), (1, 0), (1, 1), (1, 0), (1, 1), (1, 0), (1, 1), (1, 0), (1, 1), (1, 0), (1, 1), (1, 0), (1, 1), (0, 1), (0, 0), (1, 0), (1, 1), (1, 0), (0, 0), (0, 1), (0, 2), (0, 1), (0, 0), (0, 1), (0, 0), (0, 1), (0, 0), (0, 1), (0, 0), (1, 0), (1, 1), (1, 2), (1, 1), (1, 0), (1, 1), (1, 0), (1, 1), (1, 0), (1, 1), (1, 0), (1, 1), (1, 0), (1, 1), (1, 2), (2, 2), (3, 2), (3, 1), (3, 0), (4, 0), (4, 1), (4, 0), (4, 1), (4, 0), (4, 1), (5, 1), (5, 0), (5, 1), (5, 0), (5, 1), (5, 0), (5, 1), (6, 1), (6, 2), (6, 1), (6, 0), (6, 1), (6, 0), (6, 1), (6, 0), (6, 1), (6, 0), (6, 1), (6, 0), (6, 1), (6, 0), (7, 0), (7, 1), (7, 0), (6, 0), (6, 1), (6, 0), (5, 0), (5, 1), (5, 0), (4, 0), (4, 1), (4, 0), (4, 1), (4, 0), (5, 0), (6, 0), (5, 0), (6, 0), (6, 1), (6, 2), (6, 1), (6, 0), (7, 0), (7, 1), (7, 0), (7, 1), (7, 0), (8, 0), (7, 0), (7, 1), (8, 1), (8, 0), (8, 1), (8, 0), (8, 1), (8, 0), (8, 1), (8, 0), (7, 0), (7, 1), (7, 0), (7, 1), (7, 2), (7, 1)]
_______________________________
Episode  31 starting.
Episode  31  done. Total reward:  -200.0
way:  [(0, 1), (1, 1), (0, 1), (1, 1), (1, 0), (0, 0), (1, 0), (0, 0), (0, 1), (1, 1), (0, 1), (0, 2), (1, 2), (2, 2), (3, 2), (2, 2), (1, 2), (0, 2), (0, 3), (1, 3), (0, 3), (1, 3), (0, 3), (0, 2), (1, 2), (0, 2), (1, 2), (0, 2), (1, 2), (0, 2), (1, 2), (0, 2), (1, 2), (0, 2), (0, 1), (1, 1), (1, 0), (0, 0), (1, 0), (2, 0), (3, 0), (2, 0), (3, 0), (2, 0), (2, 1), (1, 1), (0, 1), (1, 1), (1, 0), (0, 0), (0, 1), (0, 2), (1, 2), (0, 2), (1, 2), (0, 2), (1, 2), (0, 2), (1, 2), (0, 2), (0, 1), (1, 1), (0, 1), (0, 0), (1, 0), (1, 1), (0, 1), (1, 1), (0, 1), (0, 2), (0, 1), (1, 1), (2, 1), (2, 0), (3, 0), (2, 0), (2, 1), (1, 1), (0, 1), (1, 1), (2, 1), (1, 1), (0, 1), (1, 1), (0, 1), (0, 0), (1, 0), (0, 0), (1, 0), (1, 1), (0, 1), (1, 1), (0, 1), (1, 1), (0, 1), (1, 1), (1, 0), (0, 0), (1, 0), (0, 0), (0, 1), (0, 0), (1, 0), (0, 0), (1, 0), (0, 0), (1, 0), (1, 1), (0, 1), (1, 1), (0, 1), (1, 1), (0, 1), (1, 1), (0, 1), (1, 1), (0, 1), (1, 1), (0, 1), (0, 0), (1, 0), (0, 0), (1, 0), (0, 0), (1, 0), (0, 0), (1, 0), (0, 0), (1, 0), (0, 0), (1, 0), (2, 0), (1, 0), (1, 1), (0, 1), (0, 0), (1, 0), (1, 1), (0, 1), (1, 1), (0, 1), (1, 1), (0, 1), (1, 1), (0, 1), (1, 1), (0, 1), (1, 1), (0, 1), (1, 1), (2, 1), (1, 1), (2, 1), (1, 1), (0, 1), (1, 1), (0, 1), (1, 1), (0, 1), (1, 1), (0, 1), (1, 1), (1, 2), (1, 1), (0, 1), (1, 1), (0, 1), (1, 1), (0, 1), (1, 1), (1, 2), (0, 2), (1, 2), (0, 2), (1, 2), (0, 2), (0, 3), (1, 3), (1, 2), (0, 2), (0, 1), (1, 1), (1, 0), (2, 0), (2, 1), (2, 0), (3, 0), (4, 0), (4, 1), (4, 2), (5, 2), (5, 1), (5, 0), (5, 1), (6, 1), (5, 1), (6, 1), (6, 0), (6, 1), (6, 0)]
_______________________________
Episode  32 starting.
Episode  32  done. Total reward:  -200.0
way:  [(6, 8), (7, 8), (7, 7), (6, 7), (5, 7), (4, 7), (3, 7), (2, 7), (1, 7), (1, 6), (1, 5), (0, 5), (1, 5), (0, 5), (1, 5), (0, 5), (1, 5), (0, 5), (1, 5), (0, 5), (1, 5), (0, 5), (1, 5), (0, 5), (1, 5), (0, 5), (1, 5), (0, 5), (0, 4), (1, 4), (0, 4), (1, 4), (0, 4), (1, 4), (0, 4), (1, 4), (1, 5), (0, 5), (1, 5), (1, 4), (1, 5), (0, 5), (1, 5), (0, 5), (0, 6), (0, 5), (1, 5), (0, 5), (0, 4), (1, 4), (1, 3), (0, 3), (1, 3), (0, 3), (1, 3), (2, 3), (2, 4), (1, 4), (0, 4), (0, 5), (1, 5), (0, 5), (0, 4), (0, 5), (1, 5), (0, 5), (0, 6), (1, 6), (0, 6), (0, 5), (0, 6), (1, 6), (0, 6), (1, 6), (1, 5), (0, 5), (1, 5), (1, 4), (0, 4), (1, 4), (0, 4), (1, 4), (0, 4), (1, 4), (0, 4), (0, 5), (0, 4), (1, 4), (0, 4), (0, 5), (0, 6), (1, 6), (1, 7), (0, 7), (0, 8), (1, 8), (0, 8), (0, 9), (1, 9), (2, 9), (1, 9), (0, 9), (1, 9), (0, 9), (1, 9), (0, 9), (1, 9), (2, 9), (2, 8), (1, 8), (0, 8), (1, 8), (0, 8), (1, 8), (2, 8), (1, 8), (0, 8), (0, 9), (0, 8), (1, 8), (1, 9), (0, 9), (1, 9), (0, 9), (1, 9), (0, 9), (1, 9), (0, 9), (1, 9), (2, 9), (1, 9), (0, 9), (0, 8), (1, 8), (2, 8), (2, 9), (1, 9), (0, 9), (1, 9), (0, 9), (1, 9), (1, 8), (0, 8), (1, 8), (0, 8), (1, 8), (0, 8), (0, 7), (1, 7), (0, 7), (1, 7), (0, 7), (1, 7), (2, 7), (1, 7), (2, 7), (1, 7), (0, 7), (0, 6), (1, 6), (0, 6), (1, 6), (0, 6), (1, 6), (0, 6), (1, 6), (0, 6), (1, 6), (2, 6), (1, 6), (0, 6), (1, 6), (0, 6), (0, 5), (1, 5), (0, 5), (0, 6), (0, 5), (1, 5), (0, 5), (0, 6), (0, 5), (1, 5), (1, 4), (0, 4), (0, 3), (1, 3), (0, 3), (1, 3), (0, 3), (0, 4), (1, 4), (1, 3), (1, 2), (1, 1), (1, 0), (2, 0), (1, 0), (2, 0), (2, 1)]
_______________________________
Episode  33 starting.
Episode  33  done. Total reward:  1831.0
way:  [(4, 9), (5, 9), (4, 9), (3, 9), (2, 9), (1, 9), (2, 9), (1, 9), (0, 9), (1, 9), (1, 8), (0, 8), (1, 8), (1, 7), (0, 7), (1, 7), (0, 7), (1, 7), (0, 7), (1, 7), (0, 7), (1, 7), (1, 8), (1, 9), (1, 8), (1, 7), (1, 8), (0, 8), (0, 9), (0, 8), (1, 8), (0, 8), (0, 9), (1, 9), (1, 8), (0, 8), (0, 7), (1, 7), (0, 7), (1, 7), (0, 7), (0, 8), (0, 9), (1, 9), (2, 9), (2, 8), (1, 8), (0, 8), (0, 7), (1, 7), (0, 7), (1, 7), (0, 7), (1, 7), (2, 7), (1, 7), (0, 7), (0, 8), (1, 8), (0, 8), (1, 8), (1, 9), (0, 9), (1, 9), (1, 8), (0, 8), (1, 8), (0, 8), (1, 8), (0, 8), (0, 9), (1, 9), (0, 9), (1, 9), (0, 9), (0, 8), (1, 8), (0, 8), (1, 8), (0, 8), (1, 8), (0, 8), (1, 8), (0, 8), (1, 8), (0, 8), (1, 8), (0, 8), (1, 8), (0, 8), (1, 8), (0, 8), (1, 8), (0, 8), (1, 8), (0, 8), (0, 7), (1, 7), (2, 7), (2, 8), (3, 8), (2, 8), (2, 9), (1, 9), (2, 9), (1, 9), (0, 9), (1, 9), (0, 9), (0, 8), (0, 7), (0, 6), (1, 6), (1, 5), (0, 5), (1, 5), (0, 5), (0, 6), (1, 6), (1, 7), (0, 7), (1, 7), (0, 7), (1, 7), (0, 7), (0, 6), (0, 5), (0, 6), (1, 6), (0, 6), (1, 6), (0, 6), (1, 6), (1, 5), (0, 5), (1, 5), (0, 5), (0, 4), (1, 4), (0, 4), (0, 3), (1, 3), (0, 3), (1, 3), (1, 4), (0, 4), (1, 4), (0, 4), (1, 4), (0, 4), (0, 3), (1, 3), (1, 2), (0, 2), (1, 2), (1, 3), (1, 2), (0, 2), (1, 2), (0, 2), (1, 2), (0, 2), (1, 2), (0, 2), (1, 2), (1, 1), (0, 1), (1, 1), (0, 1), (0, 0)]
_______________________________
Episode  34 starting.
Episode  34  done. Total reward:  -200.0
way:  [(2, 0), (3, 0), (2, 0), (1, 0), (1, 1), (0, 1), (1, 1), (0, 1), (0, 0), (0, 1), (1, 1), (1, 2), (1, 1), (0, 1), (0, 2), (0, 1), (0, 2), (0, 1), (0, 0), (0, 1), (0, 0), (1, 0), (1, 1), (2, 1), (3, 1), (3, 0), (3, 1), (3, 0), (3, 1), (3, 0), (3, 1), (3, 0), (3, 1), (3, 0), (3, 1), (3, 0), (4, 0), (4, 1), (4, 0), (4, 1), (4, 0), (4, 1), (3, 1), (3, 0), (3, 1), (3, 0), (3, 1), (4, 1), (4, 0), (3, 0), (3, 1), (3, 0), (3, 1), (3, 0), (3, 1), (3, 0), (3, 1), (3, 0), (3, 1), (3, 0), (3, 1), (3, 0), (3, 1), (3, 0), (3, 1), (3, 0), (3, 1), (3, 0), (3, 1), (3, 0), (3, 1), (3, 0), (3, 1), (3, 2), (3, 3), (3, 2), (3, 1), (3, 0), (3, 1), (3, 2), (2, 2), (2, 1), (3, 1), (3, 0), (3, 1), (3, 0), (3, 1), (3, 0), (3, 1), (2, 1), (3, 1), (3, 0), (3, 1), (2, 1), (1, 1), (0, 1), (1, 1), (0, 1), (1, 1), (0, 1), (1, 1), (0, 1), (1, 1), (0, 1), (0, 2), (1, 2), (1, 3), (0, 3), (1, 3), (1, 4), (0, 4), (1, 4), (0, 4), (1, 4), (0, 4), (1, 4), (0, 4), (1, 4), (0, 4), (1, 4), (0, 4), (0, 5), (0, 4), (0, 3), (0, 2), (0, 1), (0, 2), (0, 3), (0, 2), (0, 1), (0, 0), (0, 1), (0, 0), (0, 1), (0, 0), (1, 0), (1, 1), (1, 0), (1, 1), (2, 1), (2, 0), (2, 1), (3, 1), (3, 0), (3, 1), (3, 2), (3, 1), (3, 0), (3, 1), (3, 0), (3, 1), (3, 0), (3, 1), (3, 0), (3, 1), (3, 2), (3, 1), (4, 1), (4, 0), (5, 0), (5, 1), (4, 1), (4, 0), (5, 0), (5, 1), (4, 1), (4, 0), (4, 1), (4, 0), (4, 1), (4, 2), (4, 1), (3, 1), (3, 0), (3, 1), (3, 0), (3, 1), (3, 0), (3, 1), (3, 0), (4, 0), (4, 1), (4, 0), (3, 0), (3, 1), (3, 2), (3, 1), (3, 0), (3, 1), (3, 0), (3, 1), (3, 0), (3, 1), (3, 0), (3, 1), (3, 0), (3, 1), (3, 0), (3, 1), (3, 0)]
_______________________________
Episode  35 starting.
Episode  35  done. Total reward:  -200.0
way:  [(7, 1), (6, 1), (5, 1), (4, 1), (3, 1), (3, 0), (2, 0), (1, 0), (0, 0), (1, 0), (2, 0), (1, 0), (0, 0), (1, 0), (0, 0), (1, 0), (2, 0), (1, 0), (0, 0), (1, 0), (0, 0), (1, 0), (0, 0), (0, 1), (1, 1), (0, 1), (0, 2), (1, 2), (0, 2), (1, 2), (0, 2), (1, 2), (1, 1), (1, 0), (0, 0), (1, 0), (0, 0), (1, 0), (1, 1), (0, 1), (1, 1), (1, 2), (0, 2), (0, 3), (1, 3), (0, 3), (1, 3), (0, 3), (0, 4), (1, 4), (1, 5), (0, 5), (0, 4), (0, 5), (1, 5), (0, 5), (1, 5), (0, 5), (1, 5), (0, 5), (0, 4), (1, 4), (0, 4), (1, 4), (1, 3), (1, 2), (0, 2), (0, 3), (1, 3), (2, 3), (1, 3), (0, 3), (1, 3), (1, 4), (0, 4), (0, 5), (0, 6), (0, 7), (1, 7), (2, 7), (2, 8), (1, 8), (1, 9), (0, 9), (1, 9), (1, 8), (2, 8), (2, 9), (3, 9), (2, 9), (2, 8), (1, 8), (1, 9), (0, 9), (0, 8), (1, 8), (1, 7), (0, 7), (1, 7), (0, 7), (1, 7), (2, 7), (1, 7), (0, 7), (1, 7), (0, 7), (1, 7), (0, 7), (1, 7), (0, 7), (1, 7), (0, 7), (1, 7), (0, 7), (1, 7), (0, 7), (1, 7), (1, 8), (0, 8), (0, 7), (1, 7), (0, 7), (1, 7), (0, 7), (1, 7), (2, 7), (1, 7), (0, 7), (1, 7), (0, 7), (1, 7), (0, 7), (1, 7), (0, 7), (1, 7), (2, 7), (1, 7), (0, 7), (0, 6), (1, 6), (2, 6), (1, 6), (0, 6), (0, 7), (1, 7), (0, 7), (1, 7), (0, 7), (1, 7), (1, 6), (0, 6), (1, 6), (0, 6), (1, 6), (0, 6), (0, 7), (0, 6), (1, 6), (0, 6), (1, 6), (0, 6), (0, 5), (0, 4), (0, 3), (1, 3), (2, 3), (2, 2), (2, 3), (2, 2), (2, 1), (2, 0), (2, 1), (2, 0), (2, 1), (2, 0), (2, 1), (3, 1), (3, 0), (3, 1), (3, 0), (3, 1), (3, 0), (3, 1), (3, 0), (3, 1), (3, 0), (3, 1), (3, 0), (3, 1), (4, 1), (4, 0), (5, 0), (5, 1), (5, 0), (6, 0), (6, 1), (6, 0), (6, 1), (6, 0), (6, 1)]
_______________________________
Episode  36 starting.
Episode  36  done. Total reward:  -200.0
way:  [(8, 8), (7, 8), (6, 8), (5, 8), (4, 8), (3, 8), (2, 8), (1, 8), (0, 8), (0, 9), (0, 8), (1, 8), (0, 8), (1, 8), (0, 8), (1, 8), (2, 8), (2, 9), (1, 9), (0, 9), (1, 9), (0, 9), (0, 8), (0, 9), (1, 9), (0, 9), (1, 9), (0, 9), (1, 9), (1, 8), (0, 8), (0, 9), (1, 9), (2, 9), (1, 9), (0, 9), (0, 8), (1, 8), (0, 8), (1, 8), (2, 8), (1, 8), (0, 8), (1, 8), (0, 8), (1, 8), (0, 8), (0, 7), (1, 7), (2, 7), (1, 7), (0, 7), (1, 7), (0, 7), (0, 8), (0, 7), (1, 7), (0, 7), (1, 7), (0, 7), (1, 7), (1, 8), (0, 8), (1, 8), (0, 8), (1, 8), (0, 8), (1, 8), (0, 8), (1, 8), (0, 8), (1, 8), (1, 7), (0, 7), (1, 7), (0, 7), (1, 7), (1, 8), (0, 8), (1, 8), (0, 8), (1, 8), (0, 8), (0, 9), (1, 9), (0, 9), (1, 9), (0, 9), (1, 9), (2, 9), (1, 9), (0, 9), (1, 9), (0, 9), (0, 8), (1, 8), (0, 8), (1, 8), (0, 8), (1, 8), (1, 7), (1, 6), (1, 7), (0, 7), (1, 7), (0, 7), (1, 7), (0, 7), (1, 7), (0, 7), (1, 7), (0, 7), (1, 7), (0, 7), (0, 6), (1, 6), (0, 6), (1, 6), (0, 6), (1, 6), (0, 6), (1, 6), (0, 6), (1, 6), (0, 6), (1, 6), (2, 6), (1, 6), (0, 6), (1, 6), (0, 6), (1, 6), (0, 6), (1, 6), (0, 6), (0, 5), (0, 4), (1, 4), (0, 4), (1, 4), (0, 4), (1, 4), (0, 4), (1, 4), (0, 4), (1, 4), (0, 4), (0, 3), (0, 4), (1, 4), (0, 4), (1, 4), (2, 4), (3, 4), (2, 4), (3, 4), (3, 3), (3, 4), (2, 4), (1, 4), (0, 4), (1, 4), (0, 4), (0, 5), (1, 5), (0, 5), (1, 5), (0, 5), (1, 5), (0, 5), (1, 5), (0, 5), (1, 5), (0, 5), (1, 5), (0, 5), (1, 5), (0, 5), (1, 5), (1, 6), (2, 6), (1, 6), (0, 6), (1, 6), (0, 6), (1, 6), (0, 6), (1, 6), (0, 6), (1, 6), (1, 5), (0, 5), (1, 5), (1, 4), (0, 4), (0, 3), (0, 4), (1, 4), (0, 4), (1, 4)]
_______________________________
Episode  37 starting.
Episode  37  done. Total reward:  1801.0
way:  [(8, 9), (7, 9), (6, 9), (5, 9), (4, 9), (3, 9), (2, 9), (1, 9), (0, 9), (1, 9), (1, 8), (2, 8), (2, 7), (1, 7), (0, 7), (1, 7), (0, 7), (0, 8), (0, 9), (1, 9), (0, 9), (1, 9), (0, 9), (1, 9), (0, 9), (1, 9), (0, 9), (0, 8), (1, 8), (0, 8), (0, 9), (1, 9), (2, 9), (1, 9), (2, 9), (1, 9), (0, 9), (0, 8), (0, 9), (1, 9), (0, 9), (1, 9), (0, 9), (1, 9), (0, 9), (1, 9), (0, 9), (1, 9), (0, 9), (1, 9), (0, 9), (1, 9), (0, 9), (1, 9), (2, 9), (1, 9), (1, 8), (0, 8), (0, 7), (1, 7), (0, 7), (1, 7), (0, 7), (1, 7), (1, 8), (2, 8), (1, 8), (1, 9), (0, 9), (1, 9), (0, 9), (1, 9), (0, 9), (1, 9), (0, 9), (1, 9), (0, 9), (1, 9), (1, 8), (0, 8), (1, 8), (2, 8), (1, 8), (0, 8), (1, 8), (0, 8), (1, 8), (0, 8), (0, 7), (1, 7), (2, 7), (1, 7), (0, 7), (1, 7), (0, 7), (1, 7), (1, 8), (2, 8), (1, 8), (2, 8), (1, 8), (0, 8), (0, 7), (1, 7), (0, 7), (1, 7), (0, 7), (1, 7), (0, 7), (1, 7), (0, 7), (1, 7), (0, 7), (1, 7), (0, 7), (1, 7), (0, 7), (1, 7), (0, 7), (1, 7), (0, 7), (1, 7), (0, 7), (0, 6), (1, 6), (1, 5), (0, 5), (1, 5), (1, 4), (0, 4), (1, 4), (0, 4), (1, 4), (0, 4), (1, 4), (0, 4), (1, 4), (1, 5), (0, 5), (1, 5), (0, 5), (1, 5), (2, 5), (1, 5), (0, 5), (1, 5), (0, 5), (1, 5), (0, 5), (1, 5), (0, 5), (1, 5), (1, 4), (1, 3), (0, 3), (1, 3), (0, 3), (1, 3), (2, 3), (1, 3), (0, 3), (1, 3), (0, 3), (1, 3), (0, 3), (1, 3), (0, 3), (1, 3), (0, 3), (1, 3), (0, 3), (0, 4), (1, 4), (1, 3), (1, 2), (1, 1), (2, 1), (2, 0), (1, 0), (1, 1), (1, 0), (1, 1), (1, 0), (2, 0), (2, 1), (2, 0), (2, 1), (2, 2), (1, 2), (1, 1), (1, 2), (1, 1), (1, 0), (1, 1), (1, 0), (1, 1), (1, 2), (1, 1), (1, 0), (0, 0)]
_______________________________
Episode  38 starting.
Episode  38  done. Total reward:  -200.0
way:  [(9, 8), (9, 7), (9, 6), (9, 5), (9, 4), (9, 3), (8, 3), (8, 2), (8, 1), (7, 1), (7, 0), (7, 1), (7, 0), (7, 1), (7, 0), (7, 1), (7, 0), (7, 1), (7, 0), (7, 1), (7, 0), (6, 0), (6, 1), (7, 1), (7, 0), (7, 1), (7, 0), (7, 1), (7, 0), (7, 1), (7, 0), (7, 1), (7, 0), (7, 1), (7, 0), (7, 1), (7, 0), (7, 1), (7, 2), (7, 1), (7, 0), (6, 0), (6, 1), (6, 2), (6, 1), (6, 0), (6, 1), (6, 0), (6, 1), (6, 0), (6, 1), (6, 0), (7, 0), (7, 1), (7, 0), (7, 1), (7, 0), (7, 1), (7, 0), (7, 1), (6, 1), (6, 2), (5, 2), (5, 3), (5, 2), (5, 1), (5, 0), (5, 1), (5, 0), (5, 1), (5, 2), (4, 2), (4, 1), (4, 0), (4, 1), (4, 0), (4, 1), (3, 1), (3, 0), (3, 1), (3, 0), (3, 1), (3, 0), (2, 0), (2, 1), (3, 1), (3, 0), (3, 1), (4, 1), (4, 0), (4, 1), (4, 0), (4, 1), (4, 0), (4, 1), (3, 1), (3, 0), (3, 1), (3, 0), (3, 1), (3, 0), (4, 0), (3, 0), (4, 0), (4, 1), (5, 1), (5, 0), (5, 1), (5, 0), (5, 1), (5, 0), (5, 1), (5, 0), (4, 0), (4, 1), (4, 0), (4, 1), (4, 0), (4, 1), (4, 0), (3, 0), (3, 1), (3, 0), (3, 1), (3, 0), (3, 1), (3, 0), (3, 1), (3, 2), (3, 1), (3, 2), (3, 1), (2, 1), (2, 0), (2, 1), (2, 0), (2, 1), (2, 0), (2, 1), (2, 0), (2, 1), (3, 1), (2, 1), (2, 0), (1, 0), (1, 1), (1, 0), (1, 1), (1, 0), (2, 0), (2, 1), (2, 0), (2, 1), (3, 1), (3, 0), (4, 0), (4, 1), (4, 0), (4, 1), (5, 1), (5, 0), (5, 1), (5, 0), (5, 1), (5, 0), (5, 1), (5, 0), (4, 0), (3, 0), (4, 0), (4, 1), (4, 0), (4, 1), (4, 0), (5, 0), (5, 1), (5, 0), (5, 1), (6, 1), (6, 0), (6, 1), (6, 0), (7, 0), (8, 0), (8, 1), (8, 0), (8, 1), (8, 2), (8, 1), (8, 0), (8, 1), (8, 0), (8, 1), (8, 2), (8, 1), (8, 0), (7, 0), (6, 0), (7, 0), (7, 1)]
_______________________________
Episode  39 starting.
Episode  39  done. Total reward:  -200.0
way:  [(4, 0), (5, 0), (6, 0), (6, 1), (6, 0), (5, 0), (4, 0), (3, 0), (2, 0), (1, 0), (0, 0), (1, 0), (0, 0), (1, 0), (2, 0), (1, 0), (0, 0), (0, 1), (1, 1), (0, 1), (0, 0), (1, 0), (0, 0), (1, 0), (0, 0), (1, 0), (0, 0), (0, 1), (0, 2), (1, 2), (0, 2), (0, 1), (1, 1), (0, 1), (1, 1), (0, 1), (1, 1), (1, 0), (0, 0), (1, 0), (2, 0), (1, 0), (0, 0), (1, 0), (0, 0), (1, 0), (1, 1), (1, 2), (0, 2), (1, 2), (0, 2), (1, 2), (0, 2), (1, 2), (0, 2), (0, 1), (0, 0), (1, 0), (1, 1), (0, 1), (1, 1), (0, 1), (1, 1), (1, 2), (0, 2), (0, 3), (1, 3), (0, 3), (1, 3), (0, 3), (0, 2), (1, 2), (0, 2), (1, 2), (0, 2), (1, 2), (0, 2), (0, 1), (1, 1), (0, 1), (1, 1), (0, 1), (1, 1), (2, 1), (2, 0), (1, 0), (0, 0), (1, 0), (0, 0), (1, 0), (0, 0), (1, 0), (0, 0), (1, 0), (2, 0), (3, 0), (2, 0), (3, 0), (3, 1), (4, 1), (3, 1), (2, 1), (2, 2), (1, 2), (0, 2), (0, 3), (1, 3), (0, 3), (1, 3), (0, 3), (1, 3), (1, 4), (0, 4), (1, 4), (0, 4), (1, 4), (2, 4), (1, 4), (0, 4), (1, 4), (0, 4), (1, 4), (1, 5), (0, 5), (1, 5), (0, 5), (0, 6), (1, 6), (0, 6), (1, 6), (1, 5), (0, 5), (0, 6), (1, 6), (1, 7), (0, 7), (1, 7), (0, 7), (0, 6), (1, 6), (0, 6), (1, 6), (0, 6), (1, 6), (0, 6), (1, 6), (0, 6), (1, 6), (0, 6), (1, 6), (0, 6), (0, 7), (1, 7), (0, 7), (1, 7), (0, 7), (1, 7), (1, 8), (2, 8), (1, 8), (0, 8), (1, 8), (2, 8), (1, 8), (0, 8), (1, 8), (0, 8), (1, 8), (0, 8), (1, 8), (0, 8), (1, 8), (0, 8), (1, 8), (0, 8), (1, 8), (0, 8), (1, 8), (0, 8), (0, 9), (1, 9), (0, 9), (1, 9), (0, 9), (0, 8), (1, 8), (1, 7), (1, 8), (0, 8), (1, 8), (0, 8), (1, 8), (0, 8), (1, 8), (0, 8), (1, 8), (0, 8), (1, 8), (0, 8), (1, 8)]
_______________________________
Episode  40 starting.
Episode  40  done. Total reward:  -200.0
way:  [(2, 8), (1, 8), (0, 8), (1, 8), (0, 8), (1, 8), (1, 7), (0, 7), (1, 7), (2, 7), (1, 7), (0, 7), (1, 7), (0, 7), (1, 7), (2, 7), (2, 8), (1, 8), (0, 8), (1, 8), (0, 8), (1, 8), (0, 8), (1, 8), (0, 8), (0, 9), (0, 8), (1, 8), (2, 8), (1, 8), (1, 7), (0, 7), (0, 6), (1, 6), (0, 6), (1, 6), (0, 6), (1, 6), (2, 6), (1, 6), (1, 7), (0, 7), (1, 7), (0, 7), (1, 7), (0, 7), (0, 6), (0, 7), (0, 8), (1, 8), (1, 7), (0, 7), (0, 8), (0, 9), (0, 8), (1, 8), (0, 8), (0, 9), (1, 9), (2, 9), (1, 9), (1, 8), (0, 8), (1, 8), (0, 8), (1, 8), (1, 7), (0, 7), (0, 6), (1, 6), (1, 5), (0, 5), (1, 5), (0, 5), (0, 4), (1, 4), (2, 4), (2, 3), (1, 3), (0, 3), (0, 4), (1, 4), (0, 4), (1, 4), (1, 3), (0, 3), (1, 3), (0, 3), (1, 3), (0, 3), (1, 3), (1, 4), (0, 4), (1, 4), (1, 5), (0, 5), (0, 4), (1, 4), (0, 4), (1, 4), (0, 4), (1, 4), (0, 4), (1, 4), (0, 4), (1, 4), (0, 4), (1, 4), (0, 4), (1, 4), (0, 4), (1, 4), (0, 4), (1, 4), (0, 4), (1, 4), (0, 4), (1, 4), (0, 4), (0, 3), (1, 3), (2, 3), (2, 2), (1, 2), (0, 2), (0, 3), (1, 3), (1, 4), (0, 4), (0, 3), (0, 4), (1, 4), (0, 4), (0, 5), (1, 5), (0, 5), (1, 5), (0, 5), (1, 5), (0, 5), (1, 5), (0, 5), (1, 5), (2, 5), (1, 5), (0, 5), (1, 5), (0, 5), (0, 4), (1, 4), (0, 4), (1, 4), (2, 4), (1, 4), (0, 4), (1, 4), (0, 4), (0, 3), (1, 3), (2, 3), (1, 3), (0, 3), (1, 3), (0, 3), (1, 3), (0, 3), (0, 4), (0, 5), (1, 5), (0, 5), (0, 4), (1, 4), (0, 4), (0, 3), (1, 3), (1, 2), (2, 2), (1, 2), (1, 1), (2, 1), (2, 0), (2, 1), (2, 0), (2, 1), (2, 0), (2, 1), (2, 0), (2, 1), (2, 2), (2, 1), (1, 1), (1, 0), (1, 1), (0, 1), (0, 0), (0, 1), (1, 1), (1, 0), (1, 1), (1, 0)]
_______________________________
Episode  41 starting.
Episode  41  done. Total reward:  -200.0
way:  [(5, 6), (5, 7), (5, 6), (5, 5), (5, 4), (5, 3), (5, 2), (5, 1), (5, 0), (5, 1), (5, 0), (4, 0), (3, 0), (2, 0), (3, 0), (2, 0), (1, 0), (0, 0), (1, 0), (0, 0), (1, 0), (0, 0), (1, 0), (0, 0), (1, 0), (2, 0), (1, 0), (2, 0), (1, 0), (0, 0), (1, 0), (2, 0), (1, 0), (0, 0), (0, 1), (1, 1), (2, 1), (1, 1), (0, 1), (1, 1), (0, 1), (1, 1), (0, 1), (1, 1), (0, 1), (0, 2), (1, 2), (0, 2), (1, 2), (1, 1), (0, 1), (1, 1), (1, 2), (1, 3), (0, 3), (1, 3), (0, 3), (1, 3), (0, 3), (1, 3), (1, 4), (0, 4), (0, 3), (0, 4), (1, 4), (0, 4), (1, 4), (0, 4), (1, 4), (0, 4), (1, 4), (0, 4), (1, 4), (2, 4), (1, 4), (0, 4), (1, 4), (0, 4), (0, 5), (1, 5), (2, 5), (1, 5), (0, 5), (1, 5), (0, 5), (1, 5), (0, 5), (1, 5), (0, 5), (1, 5), (0, 5), (1, 5), (0, 5), (1, 5), (0, 5), (0, 4), (1, 4), (0, 4), (1, 4), (1, 3), (0, 3), (1, 3), (0, 3), (1, 3), (0, 3), (1, 3), (0, 3), (1, 3), (0, 3), (0, 4), (1, 4), (0, 4), (0, 5), (1, 5), (0, 5), (1, 5), (0, 5), (1, 5), (0, 5), (1, 5), (0, 5), (1, 5), (0, 5), (1, 5), (0, 5), (1, 5), (0, 5), (0, 6), (1, 6), (0, 6), (1, 6), (0, 6), (1, 6), (0, 6), (1, 6), (0, 6), (1, 6), (0, 6), (1, 6), (0, 6), (1, 6), (2, 6), (1, 6), (0, 6), (0, 7), (1, 7), (1, 8), (2, 8), (1, 8), (0, 8), (1, 8), (0, 8), (1, 8), (0, 8), (1, 8), (0, 8), (1, 8), (0, 8), (1, 8), (0, 8), (1, 8), (0, 8), (0, 7), (1, 7), (0, 7), (1, 7), (1, 6), (0, 6), (1, 6), (1, 7), (0, 7), (0, 8), (1, 8), (0, 8), (1, 8), (0, 8), (1, 8), (0, 8), (1, 8), (0, 8), (0, 9), (1, 9), (0, 9), (1, 9), (0, 9), (1, 9), (1, 8), (0, 8), (1, 8), (0, 8), (0, 7), (1, 7), (0, 7), (1, 7), (1, 8), (0, 8), (1, 8), (0, 8), (1, 8), (0, 8)]
_______________________________
Episode  42 starting.
Episode  42  done. Total reward:  -200.0
way:  [(2, 6), (3, 6), (3, 5), (3, 4), (2, 4), (2, 3), (2, 2), (3, 2), (3, 1), (3, 0), (2, 0), (1, 0), (1, 1), (0, 1), (1, 1), (0, 1), (1, 1), (1, 2), (0, 2), (1, 2), (0, 2), (1, 2), (1, 1), (1, 2), (0, 2), (0, 3), (0, 2), (1, 2), (0, 2), (1, 2), (0, 2), (0, 3), (1, 3), (0, 3), (1, 3), (1, 2), (0, 2), (1, 2), (0, 2), (0, 3), (1, 3), (0, 3), (0, 4), (0, 5), (1, 5), (0, 5), (0, 4), (1, 4), (0, 4), (0, 5), (1, 5), (0, 5), (1, 5), (0, 5), (0, 6), (1, 6), (0, 6), (0, 5), (1, 5), (2, 5), (1, 5), (0, 5), (1, 5), (0, 5), (1, 5), (0, 5), (1, 5), (0, 5), (1, 5), (0, 5), (1, 5), (0, 5), (1, 5), (0, 5), (1, 5), (0, 5), (1, 5), (0, 5), (1, 5), (0, 5), (1, 5), (0, 5), (1, 5), (0, 5), (1, 5), (0, 5), (1, 5), (0, 5), (1, 5), (0, 5), (0, 6), (1, 6), (0, 6), (0, 7), (1, 7), (0, 7), (0, 8), (1, 8), (0, 8), (0, 7), (1, 7), (0, 7), (1, 7), (1, 8), (1, 7), (0, 7), (1, 7), (0, 7), (0, 6), (0, 5), (0, 6), (0, 5), (1, 5), (1, 4), (1, 3), (1, 2), (1, 3), (1, 2), (1, 1), (2, 1), (2, 2), (2, 1), (2, 2), (2, 1), (2, 0), (3, 0), (3, 1), (3, 2), (3, 1), (2, 1), (2, 0), (2, 1), (2, 2), (2, 3), (2, 2), (2, 1), (2, 0), (2, 1), (2, 0), (2, 1), (2, 0), (2, 1), (3, 1), (3, 0), (3, 1), (3, 0), (3, 1), (2, 1), (1, 1), (1, 2), (2, 2), (2, 1), (2, 0), (2, 1), (2, 0), (2, 1), (3, 1), (2, 1), (2, 0), (2, 1), (2, 0), (1, 0), (1, 1), (1, 0), (1, 1), (1, 0), (1, 1), (1, 0), (1, 1), (1, 0), (1, 1), (1, 0), (1, 1), (1, 0), (1, 1), (2, 1), (2, 0), (2, 1), (2, 0), (2, 1), (2, 0), (1, 0), (1, 1), (1, 0), (1, 1), (1, 0), (2, 0), (2, 1), (2, 0), (2, 1), (2, 0), (2, 1), (2, 0), (2, 1), (2, 0), (2, 1), (1, 1), (1, 0), (1, 1), (1, 0)]
_______________________________
Episode  43 starting.
Episode  43  done. Total reward:  -200.0
way:  [(9, 4), (9, 3), (9, 2), (9, 1), (8, 1), (9, 1), (9, 0), (9, 1), (9, 0), (8, 0), (7, 0), (8, 0), (9, 0), (8, 0), (7, 0), (7, 1), (6, 1), (5, 1), (4, 1), (3, 1), (4, 1), (3, 1), (2, 1), (3, 1), (2, 1), (1, 1), (0, 1), (1, 1), (0, 1), (1, 1), (0, 1), (1, 1), (0, 1), (1, 1), (2, 1), (1, 1), (0, 1), (0, 0), (1, 0), (0, 0), (1, 0), (0, 0), (1, 0), (0, 0), (1, 0), (0, 0), (1, 0), (1, 1), (0, 1), (0, 2), (1, 2), (0, 2), (1, 2), (1, 3), (0, 3), (0, 4), (1, 4), (0, 4), (1, 4), (0, 4), (0, 3), (0, 4), (1, 4), (0, 4), (1, 4), (0, 4), (0, 5), (1, 5), (0, 5), (0, 4), (0, 3), (1, 3), (0, 3), (1, 3), (0, 3), (1, 3), (0, 3), (0, 4), (1, 4), (1, 3), (0, 3), (0, 2), (1, 2), (0, 2), (0, 1), (1, 1), (0, 1), (0, 0), (1, 0), (0, 0), (1, 0), (0, 0), (1, 0), (0, 0), (0, 1), (1, 1), (0, 1), (0, 2), (1, 2), (0, 2), (1, 2), (0, 2), (1, 2), (1, 3), (0, 3), (0, 4), (1, 4), (0, 4), (1, 4), (0, 4), (1, 4), (0, 4), (1, 4), (0, 4), (1, 4), (0, 4), (0, 3), (1, 3), (0, 3), (1, 3), (2, 3), (1, 3), (0, 3), (1, 3), (0, 3), (0, 2), (1, 2), (0, 2), (0, 3), (1, 3), (0, 3), (1, 3), (1, 2), (2, 2), (1, 2), (0, 2), (1, 2), (1, 1), (0, 1), (1, 1), (0, 1), (1, 1), (0, 1), (0, 2), (0, 1), (1, 1), (0, 1), (1, 1), (1, 0), (0, 0), (1, 0), (0, 0), (1, 0), (0, 0), (1, 0), (0, 0), (1, 0), (2, 0), (1, 0), (1, 1), (0, 1), (1, 1), (0, 1), (1, 1), (1, 2), (1, 3), (0, 3), (0, 4), (1, 4), (2, 4), (1, 4), (0, 4), (0, 5), (1, 5), (0, 5), (0, 6), (1, 6), (2, 6), (3, 6), (2, 6), (1, 6), (0, 6), (1, 6), (2, 6), (1, 6), (0, 6), (1, 6), (0, 6), (1, 6), (0, 6), (1, 6), (0, 6), (1, 6), (0, 6), (1, 6), (0, 6), (1, 6), (0, 6), (1, 6), (1, 7)]
_______________________________
Episode  44 starting.
Episode  44  done. Total reward:  -200.0
way:  [(0, 9), (1, 9), (0, 9), (1, 9), (0, 9), (1, 9), (1, 8), (0, 8), (0, 9), (1, 9), (1, 8), (0, 8), (0, 9), (1, 9), (0, 9), (1, 9), (0, 9), (1, 9), (0, 9), (1, 9), (0, 9), (1, 9), (0, 9), (1, 9), (1, 8), (0, 8), (1, 8), (1, 9), (0, 9), (1, 9), (0, 9), (0, 8), (1, 8), (1, 9), (0, 9), (1, 9), (2, 9), (1, 9), (0, 9), (1, 9), (0, 9), (1, 9), (0, 9), (1, 9), (0, 9), (1, 9), (0, 9), (1, 9), (0, 9), (1, 9), (0, 9), (1, 9), (2, 9), (1, 9), (1, 8), (0, 8), (1, 8), (1, 9), (0, 9), (1, 9), (2, 9), (3, 9), (2, 9), (1, 9), (0, 9), (1, 9), (0, 9), (0, 8), (1, 8), (0, 8), (1, 8), (0, 8), (1, 8), (0, 8), (1, 8), (0, 8), (1, 8), (0, 8), (1, 8), (0, 8), (0, 9), (1, 9), (0, 9), (1, 9), (0, 9), (1, 9), (0, 9), (1, 9), (0, 9), (1, 9), (1, 8), (1, 7), (1, 6), (0, 6), (1, 6), (0, 6), (0, 7), (1, 7), (0, 7), (1, 7), (0, 7), (1, 7), (1, 8), (0, 8), (1, 8), (0, 8), (1, 8), (0, 8), (0, 7), (0, 6), (0, 5), (1, 5), (0, 5), (1, 5), (0, 5), (1, 5), (0, 5), (1, 5), (0, 5), (1, 5), (0, 5), (1, 5), (0, 5), (1, 5), (0, 5), (1, 5), (0, 5), (1, 5), (1, 4), (0, 4), (1, 4), (0, 4), (0, 5), (1, 5), (0, 5), (1, 5), (0, 5), (0, 6), (1, 6), (0, 6), (1, 6), (0, 6), (1, 6), (0, 6), (1, 6), (0, 6), (1, 6), (0, 6), (1, 6), (0, 6), (0, 5), (1, 5), (0, 5), (1, 5), (0, 5), (1, 5), (0, 5), (0, 4), (1, 4), (2, 4), (1, 4), (0, 4), (1, 4), (1, 3), (0, 3), (0, 2), (1, 2), (0, 2), (1, 2), (1, 3), (0, 3), (1, 3), (0, 3), (0, 2), (1, 2), (0, 2), (1, 2), (0, 2), (1, 2), (0, 2), (1, 2), (0, 2), (1, 2), (0, 2), (1, 2), (0, 2), (1, 2), (0, 2), (0, 1), (0, 2), (1, 2), (0, 2), (1, 2), (0, 2), (0, 3), (0, 2), (0, 3), (0, 4), (0, 3), (1, 3)]
_______________________________
Episode  45 starting.
Episode  45  done. Total reward:  -200.0
way:  [(3, 5), (3, 4), (4, 4), (4, 3), (3, 3), (2, 3), (1, 3), (0, 3), (1, 3), (0, 3), (1, 3), (0, 3), (1, 3), (0, 3), (1, 3), (0, 3), (1, 3), (0, 3), (0, 4), (0, 5), (1, 5), (0, 5), (1, 5), (0, 5), (1, 5), (0, 5), (0, 4), (1, 4), (2, 4), (1, 4), (0, 4), (1, 4), (1, 3), (0, 3), (1, 3), (0, 3), (0, 4), (1, 4), (0, 4), (1, 4), (0, 4), (1, 4), (2, 4), (1, 4), (0, 4), (1, 4), (0, 4), (1, 4), (1, 5), (2, 5), (1, 5), (0, 5), (1, 5), (0, 5), (1, 5), (0, 5), (1, 5), (0, 5), (1, 5), (0, 5), (1, 5), (2, 5), (1, 5), (0, 5), (1, 5), (0, 5), (1, 5), (0, 5), (1, 5), (0, 5), (1, 5), (0, 5), (1, 5), (0, 5), (1, 5), (0, 5), (1, 5), (0, 5), (1, 5), (0, 5), (1, 5), (0, 5), (0, 6), (1, 6), (0, 6), (0, 5), (1, 5), (0, 5), (1, 5), (1, 6), (0, 6), (1, 6), (0, 6), (1, 6), (1, 5), (1, 6), (0, 6), (0, 5), (1, 5), (2, 5), (1, 5), (0, 5), (1, 5), (2, 5), (1, 5), (2, 5), (2, 6), (1, 6), (0, 6), (1, 6), (0, 6), (1, 6), (1, 5), (0, 5), (1, 5), (0, 5), (1, 5), (0, 5), (1, 5), (0, 5), (1, 5), (2, 5), (1, 5), (0, 5), (1, 5), (1, 6), (1, 5), (1, 4), (1, 3), (1, 2), (2, 2), (1, 2), (0, 2), (1, 2), (0, 2), (1, 2), (0, 2), (0, 1), (0, 0), (1, 0), (0, 0), (0, 1), (0, 0), (0, 1), (0, 2), (0, 1), (1, 1), (1, 0), (1, 1), (1, 0), (1, 1), (1, 0), (1, 1), (1, 0), (1, 1), (1, 0), (1, 1), (1, 0), (0, 0), (0, 1), (0, 0), (0, 1), (0, 0), (0, 1), (0, 0), (0, 1), (1, 1), (1, 0), (0, 0), (0, 1), (0, 0), (0, 1), (0, 0), (0, 1), (0, 0), (0, 1), (0, 0), (0, 1), (0, 0), (0, 1), (0, 0), (0, 1), (0, 0), (0, 1), (0, 0), (0, 1), (1, 1), (1, 0), (1, 1), (1, 0), (1, 1), (1, 0), (1, 1), (1, 0), (1, 1), (1, 0), (1, 1), (1, 0), (1, 1), (1, 0)]
_______________________________
Episode  46 starting.
Episode  46  done. Total reward:  -200.0
way:  [(8, 6), (8, 7), (8, 6), (8, 5), (8, 4), (8, 5), (8, 4), (8, 3), (7, 3), (8, 3), (7, 3), (6, 3), (5, 3), (4, 3), (4, 2), (4, 1), (4, 0), (3, 0), (2, 0), (1, 0), (0, 0), (0, 1), (0, 0), (1, 0), (1, 1), (0, 1), (0, 0), (1, 0), (0, 0), (1, 0), (0, 0), (1, 0), (0, 0), (1, 0), (0, 0), (1, 0), (2, 0), (1, 0), (0, 0), (0, 1), (1, 1), (0, 1), (1, 1), (0, 1), (1, 1), (0, 1), (1, 1), (0, 1), (1, 1), (1, 2), (0, 2), (0, 3), (0, 2), (1, 2), (0, 2), (1, 2), (0, 2), (1, 2), (0, 2), (1, 2), (1, 3), (0, 3), (1, 3), (0, 3), (1, 3), (0, 3), (1, 3), (0, 3), (1, 3), (1, 4), (0, 4), (1, 4), (0, 4), (1, 4), (0, 4), (1, 4), (0, 4), (1, 4), (0, 4), (1, 4), (0, 4), (1, 4), (0, 4), (1, 4), (0, 4), (0, 5), (1, 5), (0, 5), (1, 5), (0, 5), (0, 4), (0, 3), (1, 3), (0, 3), (1, 3), (0, 3), (1, 3), (0, 3), (1, 3), (2, 3), (1, 3), (0, 3), (1, 3), (0, 3), (1, 3), (0, 3), (1, 3), (1, 4), (0, 4), (1, 4), (0, 4), (1, 4), (1, 3), (0, 3), (1, 3), (0, 3), (1, 3), (0, 3), (0, 4), (1, 4), (0, 4), (1, 4), (0, 4), (1, 4), (0, 4), (1, 4), (1, 3), (0, 3), (1, 3), (0, 3), (0, 2), (1, 2), (0, 2), (1, 2), (0, 2), (1, 2), (0, 2), (1, 2), (0, 2), (0, 1), (1, 1), (1, 0), (0, 0), (1, 0), (0, 0), (1, 0), (0, 0), (0, 1), (1, 1), (0, 1), (1, 1), (0, 1), (1, 1), (2, 1), (1, 1), (0, 1), (1, 1), (2, 1), (1, 1), (2, 1), (1, 1), (0, 1), (0, 0), (1, 0), (1, 1), (2, 1), (1, 1), (0, 1), (1, 1), (1, 0), (0, 0), (1, 0), (1, 1), (0, 1), (0, 0), (0, 1), (0, 0), (0, 1), (0, 0), (1, 0), (1, 1), (1, 0), (2, 0), (2, 1), (2, 0), (1, 0), (2, 0), (2, 1), (2, 0), (2, 1), (2, 0), (3, 0), (3, 1), (3, 0), (3, 1), (3, 0), (3, 1), (3, 0), (3, 1), (3, 0)]
_______________________________
Episode  47 starting.
Episode  47  done. Total reward:  -200.0
way:  [(7, 3), (7, 2), (7, 1), (7, 0), (6, 0), (5, 0), (4, 0), (3, 0), (3, 1), (4, 1), (3, 1), (2, 1), (2, 2), (1, 2), (0, 2), (1, 2), (0, 2), (0, 1), (0, 0), (0, 1), (0, 2), (1, 2), (2, 2), (1, 2), (0, 2), (1, 2), (0, 2), (1, 2), (0, 2), (1, 2), (1, 1), (2, 1), (1, 1), (0, 1), (1, 1), (0, 1), (1, 1), (0, 1), (1, 1), (2, 1), (1, 1), (0, 1), (1, 1), (0, 1), (1, 1), (0, 1), (0, 2), (1, 2), (0, 2), (1, 2), (0, 2), (1, 2), (1, 1), (0, 1), (0, 2), (1, 2), (0, 2), (0, 1), (1, 1), (0, 1), (1, 1), (0, 1), (1, 1), (0, 1), (1, 1), (1, 2), (0, 2), (1, 2), (1, 3), (2, 3), (1, 3), (2, 3), (1, 3), (0, 3), (1, 3), (0, 3), (0, 4), (1, 4), (1, 3), (0, 3), (0, 2), (1, 2), (1, 3), (2, 3), (1, 3), (0, 3), (1, 3), (1, 2), (1, 1), (0, 1), (0, 0), (1, 0), (0, 0), (1, 0), (1, 1), (1, 2), (0, 2), (1, 2), (0, 2), (1, 2), (1, 1), (0, 1), (0, 0), (1, 0), (2, 0), (1, 0), (1, 1), (2, 1), (2, 0), (1, 0), (1, 1), (0, 1), (0, 0), (0, 1), (0, 0), (1, 0), (1, 1), (1, 0), (1, 1), (0, 1), (0, 0), (1, 0), (1, 1), (1, 0), (2, 0), (2, 1), (2, 0), (2, 1), (2, 2), (2, 3), (1, 3), (1, 4), (0, 4), (0, 3), (0, 2), (0, 1), (0, 0), (1, 0), (1, 1), (1, 0), (2, 0), (2, 1), (2, 2), (2, 1), (1, 1), (1, 0), (2, 0), (2, 1), (1, 1), (1, 0), (1, 1), (1, 0), (1, 1), (2, 1), (1, 1), (1, 0), (2, 0), (2, 1), (2, 0), (2, 1), (2, 0), (1, 0), (1, 1), (1, 0), (1, 1), (2, 1), (2, 2), (2, 1), (2, 0), (2, 1), (2, 0), (2, 1), (1, 1), (1, 0), (1, 1), (1, 0), (1, 1), (1, 0), (1, 1), (1, 0), (1, 1), (2, 1), (2, 0), (2, 1), (2, 0), (2, 1), (2, 0), (2, 1), (2, 0), (1, 0), (0, 0), (0, 1), (0, 0), (0, 1), (0, 0), (0, 1), (0, 0), (0, 1), (0, 0), (0, 1)]
_______________________________
Episode  48 starting.
Episode  48  done. Total reward:  -200.0
way:  [(8, 8), (7, 8), (6, 8), (5, 8), (4, 8), (4, 7), (4, 6), (5, 6), (4, 6), (3, 6), (3, 7), (2, 7), (1, 7), (1, 8), (0, 8), (1, 8), (0, 8), (1, 8), (1, 9), (0, 9), (1, 9), (0, 9), (0, 8), (0, 9), (0, 8), (1, 8), (0, 8), (1, 8), (0, 8), (1, 8), (0, 8), (1, 8), (1, 7), (2, 7), (1, 7), (0, 7), (1, 7), (0, 7), (0, 8), (1, 8), (0, 8), (1, 8), (0, 8), (1, 8), (0, 8), (1, 8), (2, 8), (1, 8), (0, 8), (1, 8), (0, 8), (0, 7), (1, 7), (0, 7), (1, 7), (0, 7), (1, 7), (0, 7), (1, 7), (0, 7), (1, 7), (1, 6), (0, 6), (0, 5), (1, 5), (0, 5), (1, 5), (0, 5), (1, 5), (0, 5), (1, 5), (1, 4), (1, 5), (0, 5), (1, 5), (0, 5), (1, 5), (0, 5), (1, 5), (0, 5), (1, 5), (1, 4), (0, 4), (1, 4), (0, 4), (1, 4), (0, 4), (1, 4), (0, 4), (1, 4), (1, 5), (0, 5), (1, 5), (0, 5), (1, 5), (0, 5), (1, 5), (0, 5), (1, 5), (0, 5), (1, 5), (0, 5), (1, 5), (0, 5), (1, 5), (1, 6), (0, 6), (0, 7), (1, 7), (1, 6), (0, 6), (1, 6), (0, 6), (0, 7), (1, 7), (0, 7), (0, 8), (0, 9), (1, 9), (0, 9), (0, 8), (1, 8), (0, 8), (1, 8), (0, 8), (1, 8), (1, 9), (0, 9), (1, 9), (1, 8), (0, 8), (1, 8), (0, 8), (1, 8), (0, 8), (1, 8), (2, 8), (1, 8), (2, 8), (1, 8), (0, 8), (1, 8), (1, 9), (0, 9), (1, 9), (0, 9), (1, 9), (0, 9), (1, 9), (0, 9), (1, 9), (0, 9), (1, 9), (0, 9), (1, 9), (0, 9), (1, 9), (0, 9), (0, 8), (1, 8), (2, 8), (2, 7), (2, 6), (1, 6), (0, 6), (1, 6), (0, 6), (1, 6), (0, 6), (1, 6), (0, 6), (1, 6), (1, 5), (1, 4), (0, 4), (0, 3), (1, 3), (1, 2), (1, 1), (1, 0), (1, 1), (1, 0), (1, 1), (1, 0), (1, 1), (1, 0), (0, 0), (0, 1), (0, 0), (0, 1), (0, 0), (0, 1), (0, 0), (0, 1), (0, 0), (1, 0), (0, 0), (0, 1), (0, 0), (0, 1)]
_______________________________
Episode  49 starting.
Episode  49  done. Total reward:  -200.0
way:  [(7, 4), (6, 4), (5, 4), (4, 4), (3, 4), (4, 4), (3, 4), (2, 4), (2, 5), (2, 6), (1, 6), (0, 6), (1, 6), (0, 6), (1, 6), (0, 6), (1, 6), (0, 6), (1, 6), (0, 6), (1, 6), (0, 6), (1, 6), (0, 6), (1, 6), (0, 6), (0, 7), (1, 7), (0, 7), (0, 8), (0, 7), (1, 7), (0, 7), (1, 7), (0, 7), (1, 7), (2, 7), (1, 7), (0, 7), (1, 7), (1, 8), (0, 8), (1, 8), (0, 8), (1, 8), (0, 8), (1, 8), (0, 8), (1, 8), (1, 7), (0, 7), (1, 7), (0, 7), (1, 7), (0, 7), (1, 7), (0, 7), (1, 7), (0, 7), (1, 7), (0, 7), (0, 8), (1, 8), (0, 8), (1, 8), (0, 8), (1, 8), (0, 8), (0, 7), (1, 7), (0, 7), (1, 7), (0, 7), (1, 7), (1, 6), (0, 6), (0, 5), (1, 5), (0, 5), (1, 5), (0, 5), (1, 5), (0, 5), (1, 5), (0, 5), (0, 6), (1, 6), (0, 6), (0, 7), (1, 7), (2, 7), (3, 7), (4, 7), (3, 7), (2, 7), (1, 7), (0, 7), (1, 7), (0, 7), (1, 7), (2, 7), (1, 7), (0, 7), (1, 7), (0, 7), (0, 8), (1, 8), (0, 8), (0, 7), (1, 7), (0, 7), (1, 7), (2, 7), (1, 7), (0, 7), (1, 7), (0, 7), (1, 7), (1, 6), (1, 7), (2, 7), (1, 7), (0, 7), (1, 7), (0, 7), (1, 7), (0, 7), (0, 6), (1, 6), (0, 6), (1, 6), (0, 6), (1, 6), (1, 7), (1, 8), (0, 8), (0, 9), (0, 8), (0, 9), (1, 9), (1, 8), (1, 7), (1, 6), (1, 5), (1, 4), (1, 3), (1, 2), (0, 2), (0, 1), (0, 0), (1, 0), (1, 1), (1, 0), (1, 1), (0, 1), (0, 0), (0, 1), (0, 0), (0, 1), (0, 0), (0, 1), (0, 0), (0, 1), (0, 0), (0, 1), (0, 0), (0, 1), (0, 0), (1, 0), (1, 1), (1, 0), (1, 1), (1, 0), (1, 1), (1, 2), (1, 1), (1, 0), (1, 1), (1, 2), (1, 1), (1, 0), (1, 1), (1, 0), (1, 1), (1, 0), (0, 0), (0, 1), (0, 0), (0, 1), (0, 2), (0, 1), (0, 0), (0, 1), (0, 2), (0, 1), (1, 1), (2, 1), (3, 1), (3, 0), (3, 1)]
_______________________________
Episode  50 starting.
Episode  50  done. Total reward:  -200.0
way:  [(4, 7), (3, 7), (3, 6), (2, 6), (2, 5), (1, 5), (0, 5), (1, 5), (0, 5), (0, 4), (1, 4), (0, 4), (1, 4), (0, 4), (0, 3), (1, 3), (0, 3), (1, 3), (1, 2), (1, 1), (0, 1), (1, 1), (1, 2), (0, 2), (0, 1), (1, 1), (0, 1), (1, 1), (2, 1), (1, 1), (0, 1), (0, 2), (1, 2), (0, 2), (1, 2), (0, 2), (1, 2), (1, 3), (0, 3), (1, 3), (0, 3), (1, 3), (2, 3), (2, 4), (2, 3), (1, 3), (2, 3), (2, 2), (1, 2), (0, 2), (1, 2), (0, 2), (1, 2), (0, 2), (1, 2), (0, 2), (0, 3), (1, 3), (1, 2), (2, 2), (1, 2), (0, 2), (1, 2), (0, 2), (1, 2), (0, 2), (1, 2), (0, 2), (0, 3), (1, 3), (0, 3), (1, 3), (0, 3), (1, 3), (0, 3), (1, 3), (0, 3), (1, 3), (0, 3), (1, 3), (0, 3), (1, 3), (1, 4), (1, 5), (0, 5), (1, 5), (0, 5), (1, 5), (0, 5), (1, 5), (2, 5), (1, 5), (0, 5), (1, 5), (1, 4), (0, 4), (1, 4), (0, 4), (0, 3), (1, 3), (1, 2), (0, 2), (0, 1), (1, 1), (0, 1), (1, 1), (0, 1), (0, 0), (1, 0), (0, 0), (0, 1), (1, 1), (0, 1), (1, 1), (0, 1), (1, 1), (0, 1), (0, 2), (1, 2), (0, 2), (1, 2), (0, 2), (1, 2), (0, 2), (1, 2), (0, 2), (1, 2), (0, 2), (0, 1), (1, 1), (0, 1), (1, 1), (0, 1), (0, 2), (1, 2), (1, 3), (0, 3), (1, 3), (2, 3), (1, 3), (0, 3), (1, 3), (0, 3), (1, 3), (0, 3), (1, 3), (0, 3), (1, 3), (0, 3), (0, 2), (0, 3), (1, 3), (0, 3), (1, 3), (0, 3), (1, 3), (0, 3), (1, 3), (0, 3), (0, 4), (1, 4), (0, 4), (1, 4), (1, 3), (0, 3), (1, 3), (0, 3), (1, 3), (0, 3), (1, 3), (0, 3), (1, 3), (0, 3), (1, 3), (0, 3), (1, 3), (0, 3), (1, 3), (0, 3), (1, 3), (2, 3), (1, 3), (0, 3), (1, 3), (0, 3), (1, 3), (1, 4), (0, 4), (1, 4), (0, 4), (1, 4), (0, 4), (1, 4), (0, 4), (1, 4), (0, 4), (1, 4), (0, 4), (1, 4), (0, 4)]
_______________________________
Episode  51 starting.